r1:1.0:term0(x,y) -> term0(y,x)
r2:1.0:term0(x,y), term0(y,z) -> term0(x,z)
r3:1.0:term1(x,y) -> term1(y,x)
r4:1.0:term1(x,y), term1(y,z) -> term1(x,z)
r5:1.0:term10(x,y) -> term10(y,x)
r6:1.0:term10(x,y), term10(y,z) -> term10(x,z)
r7:1.0:term11(x,y) -> term11(y,x)
r8:1.0:term11(x,y), term11(y,z) -> term11(x,z)
r9:1.0:term12(x,y) -> term12(y,x)
r10:1.0:term12(x,y), term12(y,z) -> term12(x,z)
r11:1.0:term13(x,y) -> term13(y,x)
r12:1.0:term13(x,y), term13(y,z) -> term13(x,z)
r13:1.0:term14(x,y) -> term14(y,x)
r14:1.0:term14(x,y), term14(y,z) -> term14(x,z)
r15:1.0:term15(x,y) -> term15(y,x)
r16:1.0:term15(x,y), term15(y,z) -> term15(x,z)
r17:1.0:term16(x,y) -> term16(y,x)
r18:1.0:term16(x,y), term16(y,z) -> term16(x,z)
r19:1.0:term17(x,y) -> term17(y,x)
r20:1.0:term17(x,y), term17(y,z) -> term17(x,z)
r21:1.0:term18(x,y) -> term18(y,x)
r22:1.0:term18(x,y), term18(y,z) -> term18(x,z)
r23:1.0:term19(x,y) -> term19(y,x)
r24:1.0:term19(x,y), term19(y,z) -> term19(x,z)
r25:1.0:term2(x,y) -> term2(y,x)
r26:1.0:term2(x,y), term2(y,z) -> term2(x,z)
r27:1.0:term20(x,y) -> term20(y,x)
r28:1.0:term20(x,y), term20(y,z) -> term20(x,z)
r29:1.0:term21(x,y) -> term21(y,x)
r30:1.0:term21(x,y), term21(y,z) -> term21(x,z)
r31:1.0:term22(x,y) -> term22(y,x)
r32:1.0:term22(x,y), term22(y,z) -> term22(x,z)
r33:1.0:term24(x,y) -> term24(y,x)
r34:1.0:term24(x,y), term24(y,z) -> term24(x,z)
r35:1.0:term25(x,y) -> term25(y,x)
r36:1.0:term25(x,y), term25(y,z) -> term25(x,z)
r37:1.0:term3(x,y) -> term3(y,x)
r38:1.0:term3(x,y), term3(y,z) -> term3(x,z)
r39:1.0:term4(x,y) -> term4(y,x)
r40:1.0:term4(x,y), term4(y,z) -> term4(x,z)
r41:1.0:term5(x,y) -> term5(y,x)
r42:1.0:term5(x,y), term5(y,z) -> term5(x,z)
r43:1.0:term6(x,y) -> term6(y,x)
r44:1.0:term6(x,y), term6(y,z) -> term6(x,z)
r45:1.0:term7(x,y) -> term7(y,x)
r46:1.0:term7(x,y), term7(y,z) -> term7(x,z)
r47:1.0:term8(x,y) -> term8(y,x)
r48:1.0:term8(x,y), term8(y,z) -> term8(x,z)
r49:1.0:term9(x,y) -> term9(y,x)
r50:1.0:term9(x,y), term9(y,z) -> term9(x,z)
r51:147.07112493111862:term16(x,z),  term7(z,y) -> term10(x,y)
r52:145.37831405786815:term16(x,z),  term8(z,y) -> term9(x,y)
r53:137.96520127873592:term11(x,z),  term15(z,y) -> term15(x,y)
r54:118.26182622854995:term15(x,z),  term5(z,y) -> term9(x,y)
r55:112.14532990574122:term16(x,z),  term16(z,y) -> term2(x,y)
r56:90.69999212784381:term15(x,z),  term6(z,y) -> term10(x,y)
r57:90.3372153312328:term16(x,z),  term16(z,y) -> term1(x,y)
r58:87.28756406797949:term15(x,z),  term16(z,y) -> term4(x,y)
r59:63.47447863497156:term15(x,z),  term8(z,y) -> term20(x,y)
r60:62.9313839871664:term16(x,z),  term5(z,y) -> term20(x,y)
r61:48.810405861529595:term16(x,z),  term16(z,y) -> term0(x,y)
r62:43.317994858611826:term15(x,z),  term18(z,y) -> term2(x,y)
r63:42.322301802914296:term15(x,z),  term15(z,y) -> term0(x,y)
r64:33.51471436814772:term15(x,z),  term7(z,y) -> term21(x,y)
r65:28.31058857472591:term16(x,z),  term6(z,y) -> term21(x,y)
r66:7.184143222506394:term15(x,z),  term8(z,y) -> term25(x,y)
r67:3.1025641025641026:term4(x,z),  term18(z,y) -> term19(x,y)
r68:2.9565217391304346:term15(x,z),  term16(z,y) -> term25(x,y)
r69:2.4375:term0(x,z),  term8(z,y) -> term19(x,y)
r70:1.8644501278772376:term16(x,z),  term15(z,y) -> term25(x,y)
r71:0.6479999999999999:term16(x,z),  term6(z,y) -> term24(x,y)
r72:0.512:term15(x,z),  term7(z,y) -> term24(x,y)
r73:0.392:term4(x,z),  term8(z,y) -> term24(x,y)
r74:0.392:term15(x,z),  term11(z,y) -> term24(x,y)
