r0:0.909090909:An(b,a), Iw(b,a) -> An(a,b)
r1:0.833333333:Iw(b,a), ML(b,a) -> Iw(a,b)
r2:0.825219743:Q(b,a), Rg(b,a) -> Q(a,b)
r3:0.818181818:Iw(b,a), U(a,b) -> Iw(a,b)
r4:0.800540906:Q(b,a), Rg(b,a) -> Rg(a,b)
r5:0.793959008:B(b,a), Q(b,a) -> Q(a,b)
r6:0.793739519:E(b,a), Q(b,a) -> Q(a,b)
r7:0.793414764:B(b,a), Rg(b,a) -> Rg(a,b)
r8:0.792742498:GG(b,a), Q(b,a) -> Q(a,b)
r9:0.786191622:Q(b,a) -> Q(a,b)
r10:0.783175355:Ra(b,a), Rg(b,a) -> Rg(a,b)
r11:0.774778249:E(b,a), Rg(b,a) -> Rg(a,b)
r12:0.77236136:GG(a,b), Rg(b,a) -> Rg(a,b)
r13:0.771367399:Rg(b,a) -> Rg(a,b)
r14:0.769230769:An(b,a), Iw(a,b) -> An(a,b)
r15:0.737255288:Ra(b,a) -> Ra(a,b)
r16:0.737118822:GG(a,b), Ra(b,a) -> Ra(a,b)
r17:0.736731477:GG(b,a), Ra(b,a) -> Ra(a,b)
r18:0.727031333:B(b,a), Rg(b,a) -> B(a,b)
r19:0.72275014:E(b,a), Q(b,a) -> E(a,b)
r20:0.72238806:E(b,a), GG(b,a) -> E(a,b)
r21:0.706342311:B(b,a), GG(b,a) -> B(a,b)
r22:0.705360586:E(b,a), Rg(b,a) -> E(a,b)
r23:0.697854077:B(b,a), GG(a,b) -> B(a,b)
r24:0.695275591:E(b,a), Ra(b,a) -> E(a,b)
r25:0.685552408:E(b,a), GG(a,b) -> E(a,b)
r26:0.681243414:E(b,a), Q(a,b) -> E(a,b)
r27:0.677454153:B(b,a), Q(b,a) -> B(a,b)
r28:0.67335563:B(b,a), Ra(b,a) -> B(a,b)
r29:0.663883848:E(b,a), Rg(a,b) -> E(a,b)
r30:0.659553831:B(b,a), E(b,a) -> E(a,b)
r31:0.651594479:B(b,a), Rg(a,b) -> B(a,b)
r32:0.648090815:B(b,a), Q(a,b) -> B(a,b)
r33:0.626847375:B(b,a) -> B(a,b)
r34:0.551495017:An(g,a), Iw(g,b) -> Iw(a,b)
r35:0.525179856:An(a,h), Iw(h,b) -> Iw(a,b)
r36:0.519762846:An(h,b), An(a,h) -> An(a,b)
r37:0.518567639:P(b,a), X(a,b) -> ML(a,b)
r38:0.506888634:E(b,a), Ra(a,b) -> E(a,b)
r39:0.487096774:An(b,h), C(a,h) -> C(a,b)
r40:0.479527407:An(a,h), ML(h,b) -> ML(a,b)
r41:0.47721689:E(b,a) -> E(a,b)
r42:0.457627119:Iw(b,a), U(b,a) -> Iw(a,b)
r43:0.424443945:An(b,h), T(a,h) -> T(a,b)
r44:0.421435059:P(b,a), U(b,a) -> ML(a,b)
r45:0.417301038:ML(b,a), Te(a,b) -> P(a,b)
r46:0.415575465:P(b,a), Te(b,a) -> ML(a,b)
r47:0.406883945:An(b,h), P(a,h) -> P(a,b)
r48:0.405737705:An(b,h), Iw(a,h) -> Iw(a,b)
r49:0.399061033:X(a,b) -> ML(a,b)