epoch;concept_hits@10@10;concept_hits@1@1;concept_hits@3@3;concept_hits@5@5;concept_loss;concept_mrr;loss;task_hits@10@10;task_hits@1@1;task_hits@3@3;task_hits@5@5;task_loss;task_mrr;val_concept_hits@10@10;val_concept_hits@1@1;val_concept_hits@3@3;val_concept_hits@5@5;val_concept_loss;val_concept_mrr;val_loss;val_task_hits@10@10;val_task_hits@1@1;val_task_hits@3@3;val_task_hits@5@5;val_task_loss;val_task_mrr
0;1.0;0.3239171504974365;1.0;1.0;0.7330393195152283;0.6060891151428223;0.7510393261909485;1.0;0.3239171504974365;1.0;1.0;0.7330393195152283;0.6060891151428223;NA;NA;NA;NA;NA;NA;NA;NA;NA;NA;NA;NA;NA
1;1.0;0.31826743483543396;1.0;1.0;0.7373344302177429;0.603735089302063;0.7552146911621094;1.0;0.31826743483543396;1.0;1.0;0.7373344302177429;0.603735089302063;NA;NA;NA;NA;NA;NA;NA;NA;NA;NA;NA;NA;NA
2;1.0;0.3192090392112732;1.0;1.0;0.735853374004364;0.6046766638755798;0.7536143064498901;1.0;0.3192090392112732;1.0;1.0;0.735853374004364;0.6046766638755798;NA;NA;NA;NA;NA;NA;NA;NA;NA;NA;NA;NA;NA
3;1.0;0.3446327745914459;1.0;1.0;0.7339237332344055;0.6202134490013123;0.75156569480896;1.0;0.3446327745914459;1.0;1.0;0.7339237332344055;0.6202134490013123;NA;NA;NA;NA;NA;NA;NA;NA;NA;NA;NA;NA;NA
4;1.0;0.35499057173728943;1.0;1.0;0.7308094501495361;0.6242938041687012;0.7483329176902771;1.0;0.35499057173728943;1.0;1.0;0.7308094501495361;0.6242938041687012;NA;NA;NA;NA;NA;NA;NA;NA;NA;NA;NA;NA;NA
5;1.0;0.34557437896728516;1.0;1.0;0.7366051077842712;0.6195857524871826;0.7540104985237122;1.0;0.34557437896728516;1.0;1.0;0.7366051077842712;0.6195857524871826;NA;NA;NA;NA;NA;NA;NA;NA;NA;NA;NA;NA;NA
6;1.0;0.35593220591545105;1.0;1.0;0.7282904386520386;0.6266477704048157;0.7455781698226929;1.0;0.35593220591545105;1.0;1.0;0.7282904386520386;0.6266477704048157;NA;NA;NA;NA;NA;NA;NA;NA;NA;NA;NA;NA;NA
7;1.0;0.3201506733894348;1.0;1.0;0.7401056885719299;0.6037350296974182;0.757276177406311;1.0;0.3201506733894348;1.0;1.0;0.7401056885719299;0.6037350296974182;NA;NA;NA;NA;NA;NA;NA;NA;NA;NA;NA;NA;NA
8;1.0;0.3323917090892792;1.0;1.0;0.7357904314994812;0.6123665571212769;0.7528442144393921;1.0;0.3323917090892792;1.0;1.0;0.7357904314994812;0.6123665571212769;NA;NA;NA;NA;NA;NA;NA;NA;NA;NA;NA;NA;NA
9;1.0;0.32862523198127747;1.0;1.0;0.7330169081687927;0.6098556518554688;0.749954342842102;1.0;0.32862523198127747;1.0;1.0;0.7330169081687927;0.6098556518554688;NA;NA;NA;NA;NA;NA;NA;NA;NA;NA;NA;NA;NA
10;1.0;0.30696797370910645;1.0;1.0;0.7429709434509277;0.596829891204834;0.7597925662994385;1.0;0.30696797370910645;1.0;1.0;0.7429709434509277;0.596829891204834;NA;NA;NA;NA;NA;NA;NA;NA;NA;NA;NA;NA;NA
11;1.0;0.3446327745914459;1.0;1.0;0.7307426333427429;0.617545485496521;0.7474488615989685;1.0;0.3446327745914459;1.0;1.0;0.7307426333427429;0.617545485496521;NA;NA;NA;NA;NA;NA;NA;NA;NA;NA;NA;NA;NA
12;1.0;0.3408662974834442;1.0;1.0;0.7296376824378967;0.6180163025856018;0.7462289929389954;1.0;0.3408662974834442;1.0;1.0;0.7296376824378967;0.6180163025856018;NA;NA;NA;NA;NA;NA;NA;NA;NA;NA;NA;NA;NA
13;1.0;0.34180790185928345;1.0;1.0;0.7339935302734375;0.6175455451011658;0.7504703998565674;1.0;0.34180790185928345;1.0;1.0;0.7339935302734375;0.6175455451011658;NA;NA;NA;NA;NA;NA;NA;NA;NA;NA;NA;NA;NA
14;1.0;0.347457617521286;1.0;1.0;0.7353028655052185;0.6200564503669739;0.7516658306121826;1.0;0.347457617521286;1.0;1.0;0.7353028655052185;0.6200564503669739;NA;NA;NA;NA;NA;NA;NA;NA;NA;NA;NA;NA;NA
15;1.0;0.33521658182144165;1.0;1.0;0.7247846722602844;0.6150345206260681;0.7410341501235962;1.0;0.33521658182144165;1.0;1.0;0.7247846722602844;0.6150345206260681;NA;NA;NA;NA;NA;NA;NA;NA;NA;NA;NA;NA;NA
16;1.0;0.3681732714176178;1.0;1.0;0.7282434105873108;0.6286880373954773;0.7443799376487732;1.0;0.3681732714176178;1.0;1.0;0.7282434105873108;0.6286880373954773;NA;NA;NA;NA;NA;NA;NA;NA;NA;NA;NA;NA;NA
17;1.0;0.33804142475128174;1.0;1.0;0.730884313583374;0.612994372844696;0.7469083666801453;1.0;0.33804142475128174;1.0;1.0;0.730884313583374;0.612994372844696;NA;NA;NA;NA;NA;NA;NA;NA;NA;NA;NA;NA;NA
18;1.0;0.33804142475128174;1.0;1.0;0.7283384799957275;0.6177024245262146;0.7442505359649658;1.0;0.33804142475128174;1.0;1.0;0.7283384799957275;0.6177024245262146;NA;NA;NA;NA;NA;NA;NA;NA;NA;NA;NA;NA;NA
19;1.0;0.3644067943096161;1.0;1.0;0.7228874564170837;0.6288449764251709;0.7386881113052368;1.0;0.3644067943096161;1.0;1.0;0.7228874564170837;0.6288449764251709;NA;NA;NA;NA;NA;NA;NA;NA;NA;NA;NA;NA;NA
20;1.0;0.3615819215774536;1.0;1.0;0.7289295196533203;0.629001796245575;0.7446191906929016;1.0;0.3615819215774536;1.0;1.0;0.7289295196533203;0.629001796245575;NA;NA;NA;NA;NA;NA;NA;NA;NA;NA;NA;NA;NA
21;1.0;0.34934085607528687;1.0;1.0;0.7314573526382446;0.6224105358123779;0.7470365762710571;1.0;0.34934085607528687;1.0;1.0;0.7314573526382446;0.6224105358123779;NA;NA;NA;NA;NA;NA;NA;NA;NA;NA;NA;NA;NA
22;1.0;0.36252352595329285;1.0;1.0;0.7278439402580261;0.6302573680877686;0.7433132529258728;1.0;0.36252352595329285;1.0;1.0;0.7278439402580261;0.6302573680877686;NA;NA;NA;NA;NA;NA;NA;NA;NA;NA;NA;NA;NA
23;1.0;0.3888888955116272;1.0;1.0;0.713114857673645;0.6472065448760986;0.7284747362136841;1.0;0.3888888955116272;1.0;1.0;0.713114857673645;0.6472065448760986;NA;NA;NA;NA;NA;NA;NA;NA;NA;NA;NA;NA;NA
24;1.0;0.44915252923965454;1.0;1.0;0.6900539994239807;0.6851851940155029;0.7053049802780151;1.0;0.44915252923965454;1.0;1.0;0.6900539994239807;0.6851851940155029;NA;NA;NA;NA;NA;NA;NA;NA;NA;NA;NA;NA;NA
25;1.0;0.430320143699646;1.0;1.0;0.6902320981025696;0.6737288236618042;0.7053747177124023;1.0;0.430320143699646;1.0;1.0;0.6902320981025696;0.6737288236618042;NA;NA;NA;NA;NA;NA;NA;NA;NA;NA;NA;NA;NA
26;1.0;0.4378530979156494;1.0;1.0;0.691076397895813;0.6789076924324036;0.7061111927032471;1.0;0.4378530979156494;1.0;1.0;0.691076397895813;0.6789076924324036;NA;NA;NA;NA;NA;NA;NA;NA;NA;NA;NA;NA;NA
27;1.0;0.443502813577652;1.0;1.0;0.6860392689704895;0.68157559633255;0.7009668350219727;1.0;0.443502813577652;1.0;1.0;0.6860392689704895;0.68157559633255;NA;NA;NA;NA;NA;NA;NA;NA;NA;NA;NA;NA;NA
28;1.0;0.4990583658218384;1.0;1.0;0.6679205298423767;0.7161017060279846;0.6827412843704224;1.0;0.4990583658218384;1.0;1.0;0.6679205298423767;0.7161017060279846;NA;NA;NA;NA;NA;NA;NA;NA;NA;NA;NA;NA;NA
29;1.0;0.5065913200378418;1.0;1.0;0.6633653044700623;0.7214375734329224;0.6780798435211182;1.0;0.5065913200378418;1.0;1.0;0.6633653044700623;0.7214375734329224;NA;NA;NA;NA;NA;NA;NA;NA;NA;NA;NA;NA;NA
30;1.0;0.5555555820465088;1.0;1.0;0.6439715623855591;0.7496861219406128;0.6585804224014282;1.0;0.5555555820465088;1.0;1.0;0.6439715623855591;0.7496861219406128;NA;NA;NA;NA;NA;NA;NA;NA;NA;NA;NA;NA;NA
31;1.0;0.5687382221221924;1.0;1.0;0.6348918676376343;0.7581606507301331;0.6493955254554749;1.0;0.5687382221221924;1.0;1.0;0.6348918676376343;0.7581606507301331;NA;NA;NA;NA;NA;NA;NA;NA;NA;NA;NA;NA;NA
32;1.0;0.6158192157745361;1.0;1.0;0.6216800808906555;0.7870370745658875;0.6360790729522705;1.0;0.6158192157745361;1.0;1.0;0.6216800808906555;0.7870370745658875;NA;NA;NA;NA;NA;NA;NA;NA;NA;NA;NA;NA;NA
33;1.0;0.6544256210327148;1.0;1.0;0.6122764945030212;0.8082235455513;0.6265714168548584;1.0;0.6544256210327148;1.0;1.0;0.6122764945030212;0.8082235455513;NA;NA;NA;NA;NA;NA;NA;NA;NA;NA;NA;NA;NA
34;1.0;0.6506591439247131;1.0;1.0;0.5999706387519836;0.8082235455513;0.6141619682312012;1.0;0.6506591439247131;1.0;1.0;0.5999706387519836;0.8082235455513;NA;NA;NA;NA;NA;NA;NA;NA;NA;NA;NA;NA;NA
35;1.0;0.6996233463287354;1.0;1.0;0.5835484862327576;0.8341180682182312;0.5976368188858032;1.0;0.6996233463287354;1.0;1.0;0.5835484862327576;0.8341180682182312;NA;NA;NA;NA;NA;NA;NA;NA;NA;NA;NA;NA;NA
36;1.0;0.7448210716247559;1.0;1.0;0.5633423924446106;0.8620527386665344;0.5773282647132874;1.0;0.7448210716247559;1.0;1.0;0.5633423924446106;0.8620527386665344;NA;NA;NA;NA;NA;NA;NA;NA;NA;NA;NA;NA;NA
37;1.0;0.7627118825912476;1.0;1.0;0.5517652630805969;0.8706842660903931;0.565649151802063;1.0;0.7627118825912476;1.0;1.0;0.5517652630805969;0.8706842660903931;NA;NA;NA;NA;NA;NA;NA;NA;NA;NA;NA;NA;NA
38;1.0;0.8022598624229431;1.0;1.0;0.5343895554542542;0.8929692506790161;0.548172116279602;1.0;0.8022598624229431;1.0;1.0;0.5343895554542542;0.8929692506790161;NA;NA;NA;NA;NA;NA;NA;NA;NA;NA;NA;NA;NA
39;1.0;0.8248587846755981;1.0;1.0;0.5087218880653381;0.9064658284187317;0.5224035978317261;1.0;0.8248587846755981;1.0;1.0;0.5087218880653381;0.9064658284187317;NA;NA;NA;NA;NA;NA;NA;NA;NA;NA;NA;NA;NA
40;1.0;0.8427495360374451;1.0;1.0;0.4932449758052826;0.9150973558425903;0.5068263411521912;1.0;0.8427495360374451;1.0;1.0;0.4932449758052826;0.9150973558425903;NA;NA;NA;NA;NA;NA;NA;NA;NA;NA;NA;NA;NA
41;1.0;0.8757061958312988;1.0;1.0;0.46886205673217773;0.9340866208076477;0.4823436439037323;1.0;0.8757061958312988;1.0;1.0;0.46886205673217773;0.9340866208076477;NA;NA;NA;NA;NA;NA;NA;NA;NA;NA;NA;NA;NA
42;1.0;0.903954803943634;1.0;1.0;0.4503410756587982;0.9493094682693481;0.46372342109680176;1.0;0.903954803943634;1.0;1.0;0.4503410756587982;0.9493094682693481;NA;NA;NA;NA;NA;NA;NA;NA;NA;NA;NA;NA;NA
43;1.0;0.921845555305481;1.0;1.0;0.4294523000717163;0.9593533873558044;0.4427359402179718;1.0;0.921845555305481;1.0;1.0;0.4294523000717163;0.9593533873558044;NA;NA;NA;NA;NA;NA;NA;NA;NA;NA;NA;NA;NA
44;1.0;0.9444444179534912;1.0;1.0;0.4037479758262634;0.9711235761642456;0.41693347692489624;1.0;0.9444444179534912;1.0;1.0;0.4037479758262634;0.9711235761642456;NA;NA;NA;NA;NA;NA;NA;NA;NA;NA;NA;NA;NA
45;1.0;0.9453860521316528;1.0;1.0;0.3860616385936737;0.9715943932533264;0.39914950728416443;1.0;0.9453860521316528;1.0;1.0;0.3860616385936737;0.9715943932533264;NA;NA;NA;NA;NA;NA;NA;NA;NA;NA;NA;NA;NA
46;1.0;0.9585687518119812;1.0;1.0;0.35916441679000854;0.9788135886192322;0.37215518951416016;1.0;0.9585687518119812;1.0;1.0;0.35916441679000854;0.9788135886192322;NA;NA;NA;NA;NA;NA;NA;NA;NA;NA;NA;NA;NA
47;1.0;0.9774011373519897;1.0;1.0;0.3365068733692169;0.9883866310119629;0.3494011163711548;1.0;0.9774011373519897;1.0;1.0;0.3365068733692169;0.9883866310119629;NA;NA;NA;NA;NA;NA;NA;NA;NA;NA;NA;NA;NA
48;1.0;0.9849340915679932;1.0;1.0;0.3137821555137634;0.9921532273292542;0.32658037543296814;1.0;0.9849340915679932;1.0;1.0;0.3137821555137634;0.9921532273292542;NA;NA;NA;NA;NA;NA;NA;NA;NA;NA;NA;NA;NA
49;1.0;0.9924670457839966;1.0;1.0;0.28783586621284485;0.9959195852279663;0.3005385994911194;1.0;0.9924670457839966;1.0;1.0;0.28783586621284485;0.9959195852279663;NA;NA;NA;NA;NA;NA;NA;NA;NA;NA;NA;NA;NA
50;1.0;0.991525411605835;1.0;1.0;0.2651630938053131;0.9957627058029175;0.27777087688446045;1.0;0.991525411605835;1.0;1.0;0.2651630938053131;0.9957627058029175;NA;NA;NA;NA;NA;NA;NA;NA;NA;NA;NA;NA;NA
51;1.0;0.991525411605835;1.0;1.0;0.2521142065525055;0.9956058263778687;0.2646275758743286;1.0;0.991525411605835;1.0;1.0;0.2521142065525055;0.9956058263778687;NA;NA;NA;NA;NA;NA;NA;NA;NA;NA;NA;NA;NA
52;1.0;0.9924670457839966;1.0;1.0;0.229279562830925;0.9960765242576599;0.24169906973838806;1.0;0.9924670457839966;1.0;1.0;0.229279562830925;0.9960765242576599;NA;NA;NA;NA;NA;NA;NA;NA;NA;NA;NA;NA;NA
53;1.0;0.9934086799621582;1.0;1.0;0.21079932153224945;0.9967043399810791;0.22312545776367188;1.0;0.9934086799621582;1.0;1.0;0.21079932153224945;0.9967043399810791;NA;NA;NA;NA;NA;NA;NA;NA;NA;NA;NA;NA;NA
54;1.0;1.0;1.0;1.0;0.19431932270526886;1.0;0.206552654504776;1.0;1.0;1.0;1.0;0.19431932270526886;1.0;NA;NA;NA;NA;NA;NA;NA;NA;NA;NA;NA;NA;NA
55;1.0;0.9981167316436768;1.0;1.0;0.18115116655826569;0.9990583658218384;0.19329220056533813;1.0;0.9981167316436768;1.0;1.0;0.18115116655826569;0.9990583658218384;NA;NA;NA;NA;NA;NA;NA;NA;NA;NA;NA;NA;NA
56;1.0;0.9971751570701599;1.0;1.0;0.16136394441127777;0.9985875487327576;0.1734132170677185;1.0;0.9971751570701599;1.0;1.0;0.16136394441127777;0.9985875487327576;NA;NA;NA;NA;NA;NA;NA;NA;NA;NA;NA;NA;NA
57;1.0;0.9990583658218384;1.0;1.0;0.14873385429382324;0.9995291829109192;0.16069187223911285;1.0;0.9990583658218384;1.0;1.0;0.14873385429382324;0.9995291829109192;NA;NA;NA;NA;NA;NA;NA;NA;NA;NA;NA;NA;NA
58;1.0;0.9990583658218384;1.0;1.0;0.1363784819841385;0.9995291829109192;0.14824578166007996;1.0;0.9990583658218384;1.0;1.0;0.1363784819841385;0.9995291829109192;NA;NA;NA;NA;NA;NA;NA;NA;NA;NA;NA;NA;NA
59;1.0;1.0;1.0;1.0;0.11930912733078003;1.0;0.13108623027801514;1.0;1.0;1.0;1.0;0.11930912733078003;1.0;NA;NA;NA;NA;NA;NA;NA;NA;NA;NA;NA;NA;NA
60;1.0;1.0;1.0;1.0;0.10837717354297638;1.0;0.12006460130214691;1.0;1.0;1.0;1.0;0.10837717354297638;1.0;NA;NA;NA;NA;NA;NA;NA;NA;NA;NA;NA;NA;NA
61;1.0;0.9990583658218384;1.0;1.0;0.09767026454210281;0.9995291829109192;0.10926853120326996;1.0;0.9990583658218384;1.0;1.0;0.09767026454210281;0.9995291829109192;NA;NA;NA;NA;NA;NA;NA;NA;NA;NA;NA;NA;NA
62;1.0;1.0;1.0;1.0;0.08668269962072372;1.0;0.09819233417510986;1.0;1.0;1.0;1.0;0.08668269962072372;1.0;NA;NA;NA;NA;NA;NA;NA;NA;NA;NA;NA;NA;NA
63;1.0;1.0;1.0;1.0;0.07994918525218964;1.0;0.09137069433927536;1.0;1.0;1.0;1.0;0.07994918525218964;1.0;NA;NA;NA;NA;NA;NA;NA;NA;NA;NA;NA;NA;NA
64;1.0;1.0;1.0;1.0;0.0711120069026947;1.0;0.0824459046125412;1.0;1.0;1.0;1.0;0.0711120069026947;1.0;NA;NA;NA;NA;NA;NA;NA;NA;NA;NA;NA;NA;NA
65;1.0;1.0;1.0;1.0;0.06308449804782867;1.0;0.07433130592107773;1.0;1.0;1.0;1.0;0.06308449804782867;1.0;NA;NA;NA;NA;NA;NA;NA;NA;NA;NA;NA;NA;NA
66;1.0;1.0;1.0;1.0;0.05841975286602974;1.0;0.06957997381687164;1.0;1.0;1.0;1.0;0.05841975286602974;1.0;NA;NA;NA;NA;NA;NA;NA;NA;NA;NA;NA;NA;NA
67;1.0;1.0;1.0;1.0;0.051031291484832764;1.0;0.062105439603328705;1.0;1.0;1.0;1.0;0.051031291484832764;1.0;NA;NA;NA;NA;NA;NA;NA;NA;NA;NA;NA;NA;NA
68;1.0;1.0;1.0;1.0;0.04549189284443855;1.0;0.05648047477006912;1.0;1.0;1.0;1.0;0.04549189284443855;1.0;NA;NA;NA;NA;NA;NA;NA;NA;NA;NA;NA;NA;NA
69;1.0;1.0;1.0;1.0;0.041811250150203705;1.0;0.05271477252244949;1.0;1.0;1.0;1.0;0.041811250150203705;1.0;NA;NA;NA;NA;NA;NA;NA;NA;NA;NA;NA;NA;NA
70;1.0;1.0;1.0;1.0;0.03896520659327507;1.0;0.04978417605161667;1.0;1.0;1.0;1.0;0.03896520659327507;1.0;NA;NA;NA;NA;NA;NA;NA;NA;NA;NA;NA;NA;NA
71;1.0;1.0;1.0;1.0;0.03486153483390808;1.0;0.04559645056724548;1.0;1.0;1.0;1.0;0.03486153483390808;1.0;NA;NA;NA;NA;NA;NA;NA;NA;NA;NA;NA;NA;NA
72;1.0;1.0;1.0;1.0;0.03208363801240921;1.0;0.04273500293493271;1.0;1.0;1.0;1.0;0.03208363801240921;1.0;NA;NA;NA;NA;NA;NA;NA;NA;NA;NA;NA;NA;NA
73;1.0;1.0;1.0;1.0;0.02963445521891117;1.0;0.04020276665687561;1.0;1.0;1.0;1.0;0.02963445521891117;1.0;NA;NA;NA;NA;NA;NA;NA;NA;NA;NA;NA;NA;NA
74;1.0;1.0;1.0;1.0;0.02738819643855095;1.0;0.03787395358085632;1.0;1.0;1.0;1.0;0.02738819643855095;1.0;NA;NA;NA;NA;NA;NA;NA;NA;NA;NA;NA;NA;NA
75;1.0;1.0;1.0;1.0;0.02464413084089756;1.0;0.035047829151153564;1.0;1.0;1.0;1.0;0.02464413084089756;1.0;NA;NA;NA;NA;NA;NA;NA;NA;NA;NA;NA;NA;NA
76;1.0;1.0;1.0;1.0;0.022970100864768028;1.0;0.03329223766922951;1.0;1.0;1.0;1.0;0.022970100864768028;1.0;NA;NA;NA;NA;NA;NA;NA;NA;NA;NA;NA;NA;NA
77;1.0;1.0;1.0;1.0;0.02163468487560749;1.0;0.03187574818730354;1.0;1.0;1.0;1.0;0.02163468487560749;1.0;NA;NA;NA;NA;NA;NA;NA;NA;NA;NA;NA;NA;NA
78;1.0;1.0;1.0;1.0;0.020760655403137207;1.0;0.03092113882303238;1.0;1.0;1.0;1.0;0.020760655403137207;1.0;NA;NA;NA;NA;NA;NA;NA;NA;NA;NA;NA;NA;NA
79;1.0;1.0;1.0;1.0;0.020089149475097656;1.0;0.030169542878866196;1.0;1.0;1.0;1.0;0.020089149475097656;1.0;NA;NA;NA;NA;NA;NA;NA;NA;NA;NA;NA;NA;NA
80;1.0;1.0;1.0;1.0;0.018789231777191162;1.0;0.02879001945257187;1.0;1.0;1.0;1.0;0.018789231777191162;1.0;NA;NA;NA;NA;NA;NA;NA;NA;NA;NA;NA;NA;NA
81;1.0;1.0;1.0;1.0;0.01768527366220951;1.0;0.027606941759586334;1.0;1.0;1.0;1.0;0.01768527366220951;1.0;NA;NA;NA;NA;NA;NA;NA;NA;NA;NA;NA;NA;NA
82;1.0;1.0;1.0;1.0;0.017312105745077133;1.0;0.027155140414834023;1.0;1.0;1.0;1.0;0.017312105745077133;1.0;NA;NA;NA;NA;NA;NA;NA;NA;NA;NA;NA;NA;NA
83;1.0;1.0;1.0;1.0;0.01670174114406109;1.0;0.026466622948646545;1.0;1.0;1.0;1.0;0.01670174114406109;1.0;NA;NA;NA;NA;NA;NA;NA;NA;NA;NA;NA;NA;NA
84;1.0;1.0;1.0;1.0;0.01591644436120987;1.0;0.025603648275136948;1.0;1.0;1.0;1.0;0.01591644436120987;1.0;NA;NA;NA;NA;NA;NA;NA;NA;NA;NA;NA;NA;NA
85;1.0;1.0;1.0;1.0;0.01599547453224659;1.0;0.02560548111796379;1.0;1.0;1.0;1.0;0.01599547453224659;1.0;NA;NA;NA;NA;NA;NA;NA;NA;NA;NA;NA;NA;NA
86;1.0;1.0;1.0;1.0;0.015584491193294525;1.0;0.02511778101325035;1.0;1.0;1.0;1.0;0.015584491193294525;1.0;NA;NA;NA;NA;NA;NA;NA;NA;NA;NA;NA;NA;NA
87;1.0;1.0;1.0;1.0;0.015069673769176006;1.0;0.024526717141270638;1.0;1.0;1.0;1.0;0.015069673769176006;1.0;NA;NA;NA;NA;NA;NA;NA;NA;NA;NA;NA;NA;NA
88;1.0;1.0;1.0;1.0;0.015037593431770802;1.0;0.024418862536549568;1.0;1.0;1.0;1.0;0.015037593431770802;1.0;NA;NA;NA;NA;NA;NA;NA;NA;NA;NA;NA;NA;NA
89;1.0;1.0;1.0;1.0;0.01476325560361147;1.0;0.024069221690297127;1.0;1.0;1.0;1.0;0.01476325560361147;1.0;NA;NA;NA;NA;NA;NA;NA;NA;NA;NA;NA;NA;NA
90;1.0;1.0;1.0;1.0;0.014397354796528816;1.0;0.023628484457731247;1.0;1.0;1.0;1.0;0.014397354796528816;1.0;NA;NA;NA;NA;NA;NA;NA;NA;NA;NA;NA;NA;NA
91;1.0;1.0;1.0;1.0;0.014235026203095913;1.0;0.023391790688037872;1.0;1.0;1.0;1.0;0.014235026203095913;1.0;NA;NA;NA;NA;NA;NA;NA;NA;NA;NA;NA;NA;NA
92;1.0;1.0;1.0;1.0;0.01422951277345419;1.0;0.02331237681210041;1.0;1.0;1.0;1.0;0.01422951277345419;1.0;NA;NA;NA;NA;NA;NA;NA;NA;NA;NA;NA;NA;NA
93;1.0;1.0;1.0;1.0;0.01336127519607544;1.0;0.022370699793100357;1.0;1.0;1.0;1.0;0.01336127519607544;1.0;NA;NA;NA;NA;NA;NA;NA;NA;NA;NA;NA;NA;NA
94;1.0;1.0;1.0;1.0;0.013414071872830391;1.0;0.02235051989555359;1.0;1.0;1.0;1.0;0.013414071872830391;1.0;NA;NA;NA;NA;NA;NA;NA;NA;NA;NA;NA;NA;NA
95;1.0;1.0;1.0;1.0;0.013727297075092793;1.0;0.022591229528188705;1.0;1.0;1.0;1.0;0.013727297075092793;1.0;NA;NA;NA;NA;NA;NA;NA;NA;NA;NA;NA;NA;NA
96;1.0;1.0;1.0;1.0;0.013695871457457542;1.0;0.022487744688987732;1.0;1.0;1.0;1.0;0.013695871457457542;1.0;NA;NA;NA;NA;NA;NA;NA;NA;NA;NA;NA;NA;NA
97;1.0;1.0;1.0;1.0;0.01386124175041914;1.0;0.022581513971090317;1.0;1.0;1.0;1.0;0.01386124175041914;1.0;NA;NA;NA;NA;NA;NA;NA;NA;NA;NA;NA;NA;NA
98;1.0;1.0;1.0;1.0;0.013715771958231926;1.0;0.022364895790815353;1.0;1.0;1.0;1.0;0.013715771958231926;1.0;NA;NA;NA;NA;NA;NA;NA;NA;NA;NA;NA;NA;NA
99;1.0;1.0;1.0;1.0;0.013578085228800774;1.0;0.02215651422739029;1.0;1.0;1.0;1.0;0.013578085228800774;1.0;NA;NA;NA;NA;NA;NA;NA;NA;NA;NA;NA;NA;NA
100;1.0;1.0;1.0;1.0;0.013578768819570541;1.0;0.02208695374429226;1.0;1.0;1.0;1.0;0.013578768819570541;1.0;NA;NA;NA;NA;NA;NA;NA;NA;NA;NA;NA;NA;NA
101;1.0;1.0;1.0;1.0;0.013510548509657383;1.0;0.021948935464024544;1.0;1.0;1.0;1.0;0.013510548509657383;1.0;NA;NA;NA;NA;NA;NA;NA;NA;NA;NA;NA;NA;NA
102;1.0;1.0;1.0;1.0;0.013360387645661831;1.0;0.021729426458477974;1.0;1.0;1.0;1.0;0.013360387645661831;1.0;NA;NA;NA;NA;NA;NA;NA;NA;NA;NA;NA;NA;NA
103;1.0;1.0;1.0;1.0;0.013793012127280235;1.0;0.022093147039413452;1.0;1.0;1.0;1.0;0.013793012127280235;1.0;NA;NA;NA;NA;NA;NA;NA;NA;NA;NA;NA;NA;NA
104;1.0;1.0;1.0;1.0;0.013281680643558502;1.0;0.021513354033231735;1.0;1.0;1.0;1.0;0.013281680643558502;1.0;NA;NA;NA;NA;NA;NA;NA;NA;NA;NA;NA;NA;NA
105;1.0;1.0;1.0;1.0;0.013693057931959629;1.0;0.02185671404004097;1.0;1.0;1.0;1.0;0.013693057931959629;1.0;NA;NA;NA;NA;NA;NA;NA;NA;NA;NA;NA;NA;NA
106;1.0;1.0;1.0;1.0;0.013463211245834827;1.0;0.02155928686261177;1.0;1.0;1.0;1.0;0.013463211245834827;1.0;NA;NA;NA;NA;NA;NA;NA;NA;NA;NA;NA;NA;NA
107;1.0;1.0;1.0;1.0;0.013585899025201797;1.0;0.021614832803606987;1.0;1.0;1.0;1.0;0.013585899025201797;1.0;NA;NA;NA;NA;NA;NA;NA;NA;NA;NA;NA;NA;NA
108;1.0;1.0;1.0;1.0;0.01309785433113575;1.0;0.02106008306145668;1.0;1.0;1.0;1.0;0.01309785433113575;1.0;NA;NA;NA;NA;NA;NA;NA;NA;NA;NA;NA;NA;NA
109;1.0;1.0;1.0;1.0;0.012981290929019451;1.0;0.020877249538898468;1.0;1.0;1.0;1.0;0.012981290929019451;1.0;NA;NA;NA;NA;NA;NA;NA;NA;NA;NA;NA;NA;NA
110;1.0;1.0;1.0;1.0;0.013184082694351673;1.0;0.021014200523495674;1.0;1.0;1.0;1.0;0.013184082694351673;1.0;NA;NA;NA;NA;NA;NA;NA;NA;NA;NA;NA;NA;NA
111;1.0;1.0;1.0;1.0;0.013208017684519291;1.0;0.020972726866602898;1.0;1.0;1.0;1.0;0.013208017684519291;1.0;NA;NA;NA;NA;NA;NA;NA;NA;NA;NA;NA;NA;NA
112;1.0;1.0;1.0;1.0;0.013399389572441578;1.0;0.021099120378494263;1.0;1.0;1.0;1.0;0.013399389572441578;1.0;NA;NA;NA;NA;NA;NA;NA;NA;NA;NA;NA;NA;NA
113;1.0;1.0;1.0;1.0;0.012913225218653679;1.0;0.02054840326309204;1.0;1.0;1.0;1.0;0.012913225218653679;1.0;NA;NA;NA;NA;NA;NA;NA;NA;NA;NA;NA;NA;NA
114;1.0;1.0;1.0;1.0;0.013317253440618515;1.0;0.020888304337859154;1.0;1.0;1.0;1.0;0.013317253440618515;1.0;NA;NA;NA;NA;NA;NA;NA;NA;NA;NA;NA;NA;NA
115;1.0;1.0;1.0;1.0;0.013597797602415085;1.0;0.021105144172906876;1.0;1.0;1.0;1.0;0.013597797602415085;1.0;NA;NA;NA;NA;NA;NA;NA;NA;NA;NA;NA;NA;NA
116;1.0;1.0;1.0;1.0;0.013920225203037262;1.0;0.02136429026722908;1.0;1.0;1.0;1.0;0.013920225203037262;1.0;NA;NA;NA;NA;NA;NA;NA;NA;NA;NA;NA;NA;NA
117;1.0;1.0;1.0;1.0;0.013429231010377407;1.0;0.020810432732105255;1.0;1.0;1.0;1.0;0.013429231010377407;1.0;NA;NA;NA;NA;NA;NA;NA;NA;NA;NA;NA;NA;NA
118;1.0;1.0;1.0;1.0;0.013100837357342243;1.0;0.020419592037796974;1.0;1.0;1.0;1.0;0.013100837357342243;1.0;NA;NA;NA;NA;NA;NA;NA;NA;NA;NA;NA;NA;NA
119;1.0;1.0;1.0;1.0;0.013717439025640488;1.0;0.020974164828658104;1.0;1.0;1.0;1.0;0.013717439025640488;1.0;NA;NA;NA;NA;NA;NA;NA;NA;NA;NA;NA;NA;NA
0;1.0;0.35499057173728943;1.0;1.0;0.7350867390632629;0.6206842660903931;0.7530867457389832;1.0;0.35499057173728943;1.0;1.0;0.7350867390632629;0.6206842660903931;NA;NA;NA;NA;NA;NA;NA;NA;NA;NA;NA;NA;NA
1;1.0;0.32862523198127747;1.0;1.0;0.742673397064209;0.6087570786476135;0.7605536580085754;1.0;0.32862523198127747;1.0;1.0;0.742673397064209;0.6087570786476135;NA;NA;NA;NA;NA;NA;NA;NA;NA;NA;NA;NA;NA
2;1.0;0.33804142475128174;1.0;1.0;0.7420310378074646;0.6109541654586792;0.7597919702529907;1.0;0.33804142475128174;1.0;1.0;0.7420310378074646;0.6109541654586792;NA;NA;NA;NA;NA;NA;NA;NA;NA;NA;NA;NA;NA
3;1.0;0.3512240946292877;1.0;1.0;0.7258960604667664;0.6253923773765564;0.7435380220413208;1.0;0.3512240946292877;1.0;1.0;0.7258960604667664;0.6253923773765564;NA;NA;NA;NA;NA;NA;NA;NA;NA;NA;NA;NA;NA
4;1.0;0.32768362760543823;1.0;1.0;0.7368780970573425;0.6092278361320496;0.7544015645980835;1.0;0.32768362760543823;1.0;1.0;0.7368780970573425;0.6092278361320496;NA;NA;NA;NA;NA;NA;NA;NA;NA;NA;NA;NA;NA
5;1.0;0.3370998203754425;1.0;1.0;0.7370645403862;0.6115819215774536;0.7544699311256409;1.0;0.3370998203754425;1.0;1.0;0.7370645403862;0.6115819215774536;NA;NA;NA;NA;NA;NA;NA;NA;NA;NA;NA;NA;NA
6;1.0;0.3436911404132843;1.0;1.0;0.7307456135749817;0.6147206425666809;0.748033344745636;1.0;0.3436911404132843;1.0;1.0;0.7307456135749817;0.6147206425666809;NA;NA;NA;NA;NA;NA;NA;NA;NA;NA;NA;NA;NA
7;1.0;0.3295668661594391;1.0;1.0;0.7409281730651855;0.6067168712615967;0.7580987215042114;1.0;0.3295668661594391;1.0;1.0;0.7409281730651855;0.6067168712615967;NA;NA;NA;NA;NA;NA;NA;NA;NA;NA;NA;NA;NA
8;1.0;0.32768362760543823;1.0;1.0;0.7365326285362244;0.6081293225288391;0.7535864114761353;1.0;0.32768362760543823;1.0;1.0;0.7365326285362244;0.6081293225288391;NA;NA;NA;NA;NA;NA;NA;NA;NA;NA;NA;NA;NA
9;1.0;0.3465160131454468;1.0;1.0;0.7349659204483032;0.6173885464668274;0.7519033551216125;1.0;0.3465160131454468;1.0;1.0;0.7349659204483032;0.6173885464668274;NA;NA;NA;NA;NA;NA;NA;NA;NA;NA;NA;NA;NA
10;1.0;0.35875704884529114;1.0;1.0;0.7299574613571167;0.6258631944656372;0.7467790842056274;1.0;0.35875704884529114;1.0;1.0;0.7299574613571167;0.6258631944656372;NA;NA;NA;NA;NA;NA;NA;NA;NA;NA;NA;NA;NA
11;1.0;0.3446327745914459;1.0;1.0;0.7312366366386414;0.6181732416152954;0.7479428648948669;1.0;0.3446327745914459;1.0;1.0;0.7312366366386414;0.6181732416152954;NA;NA;NA;NA;NA;NA;NA;NA;NA;NA;NA;NA;NA
12;1.0;0.3512240946292877;1.0;1.0;0.732616662979126;0.6208411455154419;0.7492079734802246;1.0;0.3512240946292877;1.0;1.0;0.732616662979126;0.6208411455154419;NA;NA;NA;NA;NA;NA;NA;NA;NA;NA;NA;NA;NA
13;1.0;0.37758946418762207;1.0;1.0;0.7284698486328125;0.6373195648193359;0.7449467182159424;1.0;0.37758946418762207;1.0;1.0;0.7284698486328125;0.6373195648193359;NA;NA;NA;NA;NA;NA;NA;NA;NA;NA;NA;NA;NA
14;1.0;0.36346516013145447;1.0;1.0;0.7271759510040283;0.6279032826423645;0.7435388565063477;1.0;0.36346516013145447;1.0;1.0;0.7271759510040283;0.6279032826423645;NA;NA;NA;NA;NA;NA;NA;NA;NA;NA;NA;NA;NA
15;1.0;0.35593220591545105;1.0;1.0;0.7317556738853455;0.6241368055343628;0.7480051517486572;1.0;0.35593220591545105;1.0;1.0;0.7317556738853455;0.6241368055343628;NA;NA;NA;NA;NA;NA;NA;NA;NA;NA;NA;NA;NA
16;1.0;0.34839925169944763;1.0;1.0;0.7206624150276184;0.6214689016342163;0.7367989420890808;1.0;0.34839925169944763;1.0;1.0;0.7206624150276184;0.6214689016342163;NA;NA;NA;NA;NA;NA;NA;NA;NA;NA;NA;NA;NA
17;1.0;0.35499057173728943;1.0;1.0;0.7221496105194092;0.6282172203063965;0.7381736636161804;1.0;0.35499057173728943;1.0;1.0;0.7221496105194092;0.6282172203063965;NA;NA;NA;NA;NA;NA;NA;NA;NA;NA;NA;NA;NA
18;1.0;0.36252352595329285;1.0;1.0;0.7263956069946289;0.6288449168205261;0.7423076629638672;1.0;0.36252352595329285;1.0;1.0;0.7263956069946289;0.6288449168205261;NA;NA;NA;NA;NA;NA;NA;NA;NA;NA;NA;NA;NA
19;1.0;0.3531073331832886;1.0;1.0;0.7277646660804749;0.6272756457328796;0.7435653209686279;1.0;0.3531073331832886;1.0;1.0;0.7277646660804749;0.6272756457328796;NA;NA;NA;NA;NA;NA;NA;NA;NA;NA;NA;NA;NA
20;1.0;0.38983049988746643;1.0;1.0;0.7182255983352661;0.6484620571136475;0.7339152693748474;1.0;0.38983049988746643;1.0;1.0;0.7182255983352661;0.6484620571136475;NA;NA;NA;NA;NA;NA;NA;NA;NA;NA;NA;NA;NA
21;1.0;0.3813559412956238;1.0;1.0;0.717289924621582;0.6435970664024353;0.7328691482543945;1.0;0.3813559412956238;1.0;1.0;0.717289924621582;0.6435970664024353;NA;NA;NA;NA;NA;NA;NA;NA;NA;NA;NA;NA;NA
22;1.0;0.41713747382164;1.0;1.0;0.702565610408783;0.6652542948722839;0.7180349230766296;1.0;0.41713747382164;1.0;1.0;0.702565610408783;0.6652542948722839;NA;NA;NA;NA;NA;NA;NA;NA;NA;NA;NA;NA;NA
23;1.0;0.4096045196056366;1.0;1.0;0.696907639503479;0.6641556620597839;0.7122675180435181;1.0;0.4096045196056366;1.0;1.0;0.696907639503479;0.6641556620597839;NA;NA;NA;NA;NA;NA;NA;NA;NA;NA;NA;NA;NA
24;1.0;0.4227871894836426;1.0;1.0;0.6979948282241821;0.6704332232475281;0.7132458686828613;1.0;0.4227871894836426;1.0;1.0;0.6979948282241821;0.6704332232475281;NA;NA;NA;NA;NA;NA;NA;NA;NA;NA;NA;NA;NA
25;1.0;0.42937853932380676;1.0;1.0;0.6938791871070862;0.675769031047821;0.709021806716919;1.0;0.42937853932380676;1.0;1.0;0.6938791871070862;0.675769031047821;NA;NA;NA;NA;NA;NA;NA;NA;NA;NA;NA;NA;NA
26;1.0;0.47080978751182556;1.0;1.0;0.6799528002738953;0.701349675655365;0.6949876546859741;1.0;0.47080978751182556;1.0;1.0;0.6799528002738953;0.701349675655365;NA;NA;NA;NA;NA;NA;NA;NA;NA;NA;NA;NA;NA
27;1.0;0.48116761445999146;1.0;1.0;0.6768493056297302;0.7049592137336731;0.6917768716812134;1.0;0.48116761445999146;1.0;1.0;0.6768493056297302;0.7049592137336731;NA;NA;NA;NA;NA;NA;NA;NA;NA;NA;NA;NA;NA
28;1.0;0.47740113735198975;1.0;1.0;0.6723554134368896;0.7062147259712219;0.6871761679649353;1.0;0.47740113735198975;1.0;1.0;0.6723554134368896;0.7062147259712219;NA;NA;NA;NA;NA;NA;NA;NA;NA;NA;NA;NA;NA
29;1.0;0.526365339756012;1.0;1.0;0.6624493598937988;0.7338355779647827;0.67716383934021;1.0;0.526365339756012;1.0;1.0;0.6624493598937988;0.7338355779647827;NA;NA;NA;NA;NA;NA;NA;NA;NA;NA;NA;NA;NA
30;1.0;0.569679856300354;1.0;1.0;0.6498368978500366;0.7559636235237122;0.6644457578659058;1.0;0.569679856300354;1.0;1.0;0.6498368978500366;0.7559636235237122;NA;NA;NA;NA;NA;NA;NA;NA;NA;NA;NA;NA;NA
31;1.0;0.5800376534461975;1.0;1.0;0.6331673860549927;0.7642812728881836;0.6476710438728333;1.0;0.5800376534461975;1.0;1.0;0.6331673860549927;0.7642812728881836;NA;NA;NA;NA;NA;NA;NA;NA;NA;NA;NA;NA;NA
32;1.0;0.6148775815963745;1.0;1.0;0.6258580088615417;0.7827997803688049;0.6402570009231567;1.0;0.6148775815963745;1.0;1.0;0.6258580088615417;0.7827997803688049;NA;NA;NA;NA;NA;NA;NA;NA;NA;NA;NA;NA;NA
33;1.0;0.6431261897087097;1.0;1.0;0.6186220049858093;0.8022598624229431;0.6329169273376465;1.0;0.6431261897087097;1.0;1.0;0.6186220049858093;0.8022598624229431;NA;NA;NA;NA;NA;NA;NA;NA;NA;NA;NA;NA;NA
34;1.0;0.694915235042572;1.0;1.0;0.5945295095443726;0.8308223485946655;0.6087208986282349;1.0;0.694915235042572;1.0;1.0;0.5945295095443726;0.8308223485946655;NA;NA;NA;NA;NA;NA;NA;NA;NA;NA;NA;NA;NA
35;1.0;0.7128060460090637;1.0;1.0;0.5811305642127991;0.8443189263343811;0.5952188968658447;1.0;0.7128060460090637;1.0;1.0;0.5811305642127991;0.8443189263343811;NA;NA;NA;NA;NA;NA;NA;NA;NA;NA;NA;NA;NA
36;1.0;0.7306967973709106;1.0;1.0;0.5636391639709473;0.8548336625099182;0.577625036239624;1.0;0.7306967973709106;1.0;1.0;0.5636391639709473;0.8548336625099182;NA;NA;NA;NA;NA;NA;NA;NA;NA;NA;NA;NA;NA
37;1.0;0.7721280455589294;1.0;1.0;0.5525643229484558;0.8763339519500732;0.5664482116699219;1.0;0.7721280455589294;1.0;1.0;0.5525643229484558;0.8763339519500732;NA;NA;NA;NA;NA;NA;NA;NA;NA;NA;NA;NA;NA
38;1.0;0.8107344508171082;1.0;1.0;0.5290913581848145;0.8976773619651794;0.5428738594055176;1.0;0.8107344508171082;1.0;1.0;0.5290913581848145;0.8976773619651794;NA;NA;NA;NA;NA;NA;NA;NA;NA;NA;NA;NA;NA
39;1.0;0.8540489673614502;1.0;1.0;0.5005828142166138;0.9223163723945618;0.5142644643783569;1.0;0.8540489673614502;1.0;1.0;0.5005828142166138;0.9223163723945618;NA;NA;NA;NA;NA;NA;NA;NA;NA;NA;NA;NA;NA
40;1.0;0.8926553726196289;1.0;1.0;0.48527801036834717;0.9428750872612;0.49885934591293335;1.0;0.8926553726196289;1.0;1.0;0.48527801036834717;0.9428750872612;NA;NA;NA;NA;NA;NA;NA;NA;NA;NA;NA;NA;NA
41;1.0;0.903954803943634;1.0;1.0;0.46650832891464233;0.9485248327255249;0.4799899160861969;1.0;0.903954803943634;1.0;1.0;0.46650832891464233;0.9485248327255249;NA;NA;NA;NA;NA;NA;NA;NA;NA;NA;NA;NA;NA
42;1.0;0.930320143699646;1.0;1.0;0.4326540529727936;0.9631199240684509;0.4460363984107971;1.0;0.930320143699646;1.0;1.0;0.4326540529727936;0.9631199240684509;NA;NA;NA;NA;NA;NA;NA;NA;NA;NA;NA;NA;NA
43;1.0;0.9500941634178162;1.0;1.0;0.41815751791000366;0.9737916588783264;0.43144115805625916;1.0;0.9500941634178162;1.0;1.0;0.41815751791000366;0.9737916588783264;NA;NA;NA;NA;NA;NA;NA;NA;NA;NA;NA;NA;NA
44;1.0;0.9472693204879761;1.0;1.0;0.39761170744895935;0.9730068445205688;0.4107971787452698;1.0;0.9472693204879761;1.0;1.0;0.39761170744895935;0.9730068445205688;NA;NA;NA;NA;NA;NA;NA;NA;NA;NA;NA;NA;NA
45;1.0;0.9576271176338196;1.0;1.0;0.3702923059463501;0.9781858325004578;0.3833801746368408;1.0;0.9576271176338196;1.0;1.0;0.3702923059463501;0.9781858325004578;NA;NA;NA;NA;NA;NA;NA;NA;NA;NA;NA;NA;NA
46;1.0;0.9755178689956665;1.0;1.0;0.3510838449001312;0.987445056438446;0.36407461762428284;1.0;0.9755178689956665;1.0;1.0;0.3510838449001312;0.987445056438446;NA;NA;NA;NA;NA;NA;NA;NA;NA;NA;NA;NA;NA
47;1.0;0.9830508232116699;1.0;1.0;0.3324718475341797;0.9910545945167542;0.34536606073379517;1.0;0.9830508232116699;1.0;1.0;0.3324718475341797;0.9910545945167542;NA;NA;NA;NA;NA;NA;NA;NA;NA;NA;NA;NA;NA
48;1.0;0.9896422028541565;1.0;1.0;0.3048432469367981;0.9946640729904175;0.3176414668560028;1.0;0.9896422028541565;1.0;1.0;0.3048432469367981;0.9946640729904175;NA;NA;NA;NA;NA;NA;NA;NA;NA;NA;NA;NA;NA
49;1.0;0.9896422028541565;1.0;1.0;0.2878882586956024;0.994350254535675;0.30059099197387695;1.0;0.9896422028541565;1.0;1.0;0.2878882586956024;0.994350254535675;NA;NA;NA;NA;NA;NA;NA;NA;NA;NA;NA;NA;NA
50;1.0;0.9887005686759949;1.0;1.0;0.2700802683830261;0.994350254535675;0.28268808126449585;1.0;0.9887005686759949;1.0;1.0;0.2700802683830261;0.994350254535675;NA;NA;NA;NA;NA;NA;NA;NA;NA;NA;NA;NA;NA
51;1.0;0.9905837774276733;1.0;1.0;0.25283411145210266;0.9951348900794983;0.2653474807739258;1.0;0.9905837774276733;1.0;1.0;0.25283411145210266;0.9951348900794983;NA;NA;NA;NA;NA;NA;NA;NA;NA;NA;NA;NA;NA
52;1.0;0.9962335228919983;1.0;1.0;0.2305113822221756;0.9979598522186279;0.24293090403079987;1.0;0.9962335228919983;1.0;1.0;0.2305113822221756;0.9979598522186279;NA;NA;NA;NA;NA;NA;NA;NA;NA;NA;NA;NA;NA
53;1.0;0.9971751570701599;1.0;1.0;0.21024607121944427;0.9985875487327576;0.2225722074508667;1.0;0.9971751570701599;1.0;1.0;0.21024607121944427;0.9985875487327576;NA;NA;NA;NA;NA;NA;NA;NA;NA;NA;NA;NA;NA
54;1.0;0.9990583658218384;1.0;1.0;0.1948162019252777;0.9995291829109192;0.20704951882362366;1.0;0.9990583658218384;1.0;1.0;0.1948162019252777;0.9995291829109192;NA;NA;NA;NA;NA;NA;NA;NA;NA;NA;NA;NA;NA
55;1.0;1.0;1.0;1.0;0.17899201810359955;1.0;0.191133052110672;1.0;1.0;1.0;1.0;0.17899201810359955;1.0;NA;NA;NA;NA;NA;NA;NA;NA;NA;NA;NA;NA;NA
56;1.0;1.0;1.0;1.0;0.16070394217967987;1.0;0.1727532148361206;1.0;1.0;1.0;1.0;0.16070394217967987;1.0;NA;NA;NA;NA;NA;NA;NA;NA;NA;NA;NA;NA;NA
57;1.0;0.9990583658218384;1.0;1.0;0.14849145710468292;0.9995291829109192;0.16044947504997253;1.0;0.9990583658218384;1.0;1.0;0.14849145710468292;0.9995291829109192;NA;NA;NA;NA;NA;NA;NA;NA;NA;NA;NA;NA;NA
58;1.0;1.0;1.0;1.0;0.13549892604351044;1.0;0.1473662257194519;1.0;1.0;1.0;1.0;0.13549892604351044;1.0;NA;NA;NA;NA;NA;NA;NA;NA;NA;NA;NA;NA;NA
59;1.0;0.9990583658218384;1.0;1.0;0.12261644005775452;0.9995291829109192;0.13439354300498962;1.0;0.9990583658218384;1.0;1.0;0.12261644005775452;0.9995291829109192;NA;NA;NA;NA;NA;NA;NA;NA;NA;NA;NA;NA;NA
60;1.0;1.0;1.0;1.0;0.11041446030139923;1.0;0.12210189551115036;1.0;1.0;1.0;1.0;0.11041446030139923;1.0;NA;NA;NA;NA;NA;NA;NA;NA;NA;NA;NA;NA;NA
61;1.0;1.0;1.0;1.0;0.10152129083871841;1.0;0.11311955749988556;1.0;1.0;1.0;1.0;0.10152129083871841;1.0;NA;NA;NA;NA;NA;NA;NA;NA;NA;NA;NA;NA;NA
62;1.0;1.0;1.0;1.0;0.09150754660367966;1.0;0.1030171811580658;1.0;1.0;1.0;1.0;0.09150754660367966;1.0;NA;NA;NA;NA;NA;NA;NA;NA;NA;NA;NA;NA;NA
63;1.0;1.0;1.0;1.0;0.08191679418087006;1.0;0.09333830326795578;1.0;1.0;1.0;1.0;0.08191679418087006;1.0;NA;NA;NA;NA;NA;NA;NA;NA;NA;NA;NA;NA;NA
64;1.0;1.0;1.0;1.0;0.076153963804245;1.0;0.08748786151409149;1.0;1.0;1.0;1.0;0.076153963804245;1.0;NA;NA;NA;NA;NA;NA;NA;NA;NA;NA;NA;NA;NA
65;1.0;1.0;1.0;1.0;0.06617722660303116;1.0;0.07742403447628021;1.0;1.0;1.0;1.0;0.06617722660303116;1.0;NA;NA;NA;NA;NA;NA;NA;NA;NA;NA;NA;NA;NA
66;1.0;1.0;1.0;1.0;0.06099115312099457;1.0;0.07215137779712677;1.0;1.0;1.0;1.0;0.06099115312099457;1.0;NA;NA;NA;NA;NA;NA;NA;NA;NA;NA;NA;NA;NA
67;1.0;1.0;1.0;1.0;0.05487813428044319;1.0;0.06595227867364883;1.0;1.0;1.0;1.0;0.05487813428044319;1.0;NA;NA;NA;NA;NA;NA;NA;NA;NA;NA;NA;NA;NA
68;1.0;1.0;1.0;1.0;0.047876227647066116;1.0;0.058864809572696686;1.0;1.0;1.0;1.0;0.047876227647066116;1.0;NA;NA;NA;NA;NA;NA;NA;NA;NA;NA;NA;NA;NA
69;1.0;1.0;1.0;1.0;0.04343640059232712;1.0;0.054339922964572906;1.0;1.0;1.0;1.0;0.04343640059232712;1.0;NA;NA;NA;NA;NA;NA;NA;NA;NA;NA;NA;NA;NA
70;1.0;1.0;1.0;1.0;0.038921523839235306;1.0;0.049740493297576904;1.0;1.0;1.0;1.0;0.038921523839235306;1.0;NA;NA;NA;NA;NA;NA;NA;NA;NA;NA;NA;NA;NA
71;1.0;1.0;1.0;1.0;0.035698387771844864;1.0;0.04643329977989197;1.0;1.0;1.0;1.0;0.035698387771844864;1.0;NA;NA;NA;NA;NA;NA;NA;NA;NA;NA;NA;NA;NA
72;1.0;1.0;1.0;1.0;0.033517539501190186;1.0;0.044168904423713684;1.0;1.0;1.0;1.0;0.033517539501190186;1.0;NA;NA;NA;NA;NA;NA;NA;NA;NA;NA;NA;NA;NA
73;1.0;1.0;1.0;1.0;0.030841026455163956;1.0;0.041409336030483246;1.0;1.0;1.0;1.0;0.030841026455163956;1.0;NA;NA;NA;NA;NA;NA;NA;NA;NA;NA;NA;NA;NA
74;1.0;1.0;1.0;1.0;0.027918700128793716;1.0;0.03840445727109909;1.0;1.0;1.0;1.0;0.027918700128793716;1.0;NA;NA;NA;NA;NA;NA;NA;NA;NA;NA;NA;NA;NA
75;1.0;1.0;1.0;1.0;0.02519686333835125;1.0;0.03560056537389755;1.0;1.0;1.0;1.0;0.02519686333835125;1.0;NA;NA;NA;NA;NA;NA;NA;NA;NA;NA;NA;NA;NA
76;1.0;1.0;1.0;1.0;0.02319987490773201;1.0;0.03352200984954834;1.0;1.0;1.0;1.0;0.02319987490773201;1.0;NA;NA;NA;NA;NA;NA;NA;NA;NA;NA;NA;NA;NA
77;1.0;1.0;1.0;1.0;0.021829774603247643;1.0;0.032070841640233994;1.0;1.0;1.0;1.0;0.021829774603247643;1.0;NA;NA;NA;NA;NA;NA;NA;NA;NA;NA;NA;NA;NA
78;1.0;1.0;1.0;1.0;0.020891200751066208;1.0;0.03105168230831623;1.0;1.0;1.0;1.0;0.020891200751066208;1.0;NA;NA;NA;NA;NA;NA;NA;NA;NA;NA;NA;NA;NA
79;1.0;1.0;1.0;1.0;0.019826222211122513;1.0;0.029906613752245903;1.0;1.0;1.0;1.0;0.019826222211122513;1.0;NA;NA;NA;NA;NA;NA;NA;NA;NA;NA;NA;NA;NA
80;1.0;1.0;1.0;1.0;0.018235744908452034;1.0;0.02823653072118759;1.0;1.0;1.0;1.0;0.018235744908452034;1.0;NA;NA;NA;NA;NA;NA;NA;NA;NA;NA;NA;NA;NA
81;1.0;1.0;1.0;1.0;0.017490098252892494;1.0;0.027411766350269318;1.0;1.0;1.0;1.0;0.017490098252892494;1.0;NA;NA;NA;NA;NA;NA;NA;NA;NA;NA;NA;NA;NA
82;1.0;1.0;1.0;1.0;0.016698703169822693;1.0;0.026541735976934433;1.0;1.0;1.0;1.0;0.016698703169822693;1.0;NA;NA;NA;NA;NA;NA;NA;NA;NA;NA;NA;NA;NA
83;1.0;1.0;1.0;1.0;0.015796441584825516;1.0;0.025561321526765823;1.0;1.0;1.0;1.0;0.015796441584825516;1.0;NA;NA;NA;NA;NA;NA;NA;NA;NA;NA;NA;NA;NA
84;1.0;1.0;1.0;1.0;0.015433591790497303;1.0;0.025120796635746956;1.0;1.0;1.0;1.0;0.015433591790497303;1.0;NA;NA;NA;NA;NA;NA;NA;NA;NA;NA;NA;NA;NA
85;1.0;1.0;1.0;1.0;0.015717413276433945;1.0;0.025327419862151146;1.0;1.0;1.0;1.0;0.015717413276433945;1.0;NA;NA;NA;NA;NA;NA;NA;NA;NA;NA;NA;NA;NA
86;1.0;1.0;1.0;1.0;0.014691201038658619;1.0;0.02422448992729187;1.0;1.0;1.0;1.0;0.014691201038658619;1.0;NA;NA;NA;NA;NA;NA;NA;NA;NA;NA;NA;NA;NA
87;1.0;1.0;1.0;1.0;0.014501728117465973;1.0;0.02395877055823803;1.0;1.0;1.0;1.0;0.014501728117465973;1.0;NA;NA;NA;NA;NA;NA;NA;NA;NA;NA;NA;NA;NA
88;1.0;1.0;1.0;1.0;0.013854173943400383;1.0;0.023235443979501724;1.0;1.0;1.0;1.0;0.013854173943400383;1.0;NA;NA;NA;NA;NA;NA;NA;NA;NA;NA;NA;NA;NA
89;1.0;1.0;1.0;1.0;0.013718429021537304;1.0;0.02302439510822296;1.0;1.0;1.0;1.0;0.013718429021537304;1.0;NA;NA;NA;NA;NA;NA;NA;NA;NA;NA;NA;NA;NA
90;1.0;1.0;1.0;1.0;0.013818149454891682;1.0;0.023049280047416687;1.0;1.0;1.0;1.0;0.013818149454891682;1.0;NA;NA;NA;NA;NA;NA;NA;NA;NA;NA;NA;NA;NA
91;1.0;1.0;1.0;1.0;0.013132210820913315;1.0;0.02228897623717785;1.0;1.0;1.0;1.0;0.013132210820913315;1.0;NA;NA;NA;NA;NA;NA;NA;NA;NA;NA;NA;NA;NA
92;1.0;1.0;1.0;1.0;0.013006732799112797;1.0;0.02208959497511387;1.0;1.0;1.0;1.0;0.013006732799112797;1.0;NA;NA;NA;NA;NA;NA;NA;NA;NA;NA;NA;NA;NA
93;1.0;1.0;1.0;1.0;0.013026809319853783;1.0;0.02203623577952385;1.0;1.0;1.0;1.0;0.013026809319853783;1.0;NA;NA;NA;NA;NA;NA;NA;NA;NA;NA;NA;NA;NA
94;1.0;1.0;1.0;1.0;0.01282501220703125;1.0;0.021761462092399597;1.0;1.0;1.0;1.0;0.01282501220703125;1.0;NA;NA;NA;NA;NA;NA;NA;NA;NA;NA;NA;NA;NA
95;1.0;1.0;1.0;1.0;0.012819702737033367;1.0;0.02168363519012928;1.0;1.0;1.0;1.0;0.012819702737033367;1.0;NA;NA;NA;NA;NA;NA;NA;NA;NA;NA;NA;NA;NA
96;1.0;1.0;1.0;1.0;0.012789024040102959;1.0;0.021580897271633148;1.0;1.0;1.0;1.0;0.012789024040102959;1.0;NA;NA;NA;NA;NA;NA;NA;NA;NA;NA;NA;NA;NA
97;1.0;1.0;1.0;1.0;0.012361621484160423;1.0;0.021081892773509026;1.0;1.0;1.0;1.0;0.012361621484160423;1.0;NA;NA;NA;NA;NA;NA;NA;NA;NA;NA;NA;NA;NA
98;1.0;1.0;1.0;1.0;0.012579546310007572;1.0;0.021228671073913574;1.0;1.0;1.0;1.0;0.012579546310007572;1.0;NA;NA;NA;NA;NA;NA;NA;NA;NA;NA;NA;NA;NA
99;1.0;1.0;1.0;1.0;0.012275122106075287;1.0;0.020853551104664803;1.0;1.0;1.0;1.0;0.012275122106075287;1.0;NA;NA;NA;NA;NA;NA;NA;NA;NA;NA;NA;NA;NA
100;1.0;1.0;1.0;1.0;0.01253131777048111;1.0;0.021039502695202827;1.0;1.0;1.0;1.0;0.01253131777048111;1.0;NA;NA;NA;NA;NA;NA;NA;NA;NA;NA;NA;NA;NA
101;1.0;1.0;1.0;1.0;0.012207665480673313;1.0;0.020646052435040474;1.0;1.0;1.0;1.0;0.012207665480673313;1.0;NA;NA;NA;NA;NA;NA;NA;NA;NA;NA;NA;NA;NA
102;1.0;1.0;1.0;1.0;0.012417526915669441;1.0;0.02078656479716301;1.0;1.0;1.0;1.0;0.012417526915669441;1.0;NA;NA;NA;NA;NA;NA;NA;NA;NA;NA;NA;NA;NA
103;1.0;1.0;1.0;1.0;0.012419268488883972;1.0;0.02071940340101719;1.0;1.0;1.0;1.0;0.012419268488883972;1.0;NA;NA;NA;NA;NA;NA;NA;NA;NA;NA;NA;NA;NA
104;1.0;1.0;1.0;1.0;0.012257097288966179;1.0;0.02048877254128456;1.0;1.0;1.0;1.0;0.012257097288966179;1.0;NA;NA;NA;NA;NA;NA;NA;NA;NA;NA;NA;NA;NA
105;1.0;1.0;1.0;1.0;0.011911294423043728;1.0;0.02007495053112507;1.0;1.0;1.0;1.0;0.011911294423043728;1.0;NA;NA;NA;NA;NA;NA;NA;NA;NA;NA;NA;NA;NA
106;1.0;1.0;1.0;1.0;0.012150210328400135;1.0;0.020246285945177078;1.0;1.0;1.0;1.0;0.012150210328400135;1.0;NA;NA;NA;NA;NA;NA;NA;NA;NA;NA;NA;NA;NA
107;1.0;1.0;1.0;1.0;0.012020444497466087;1.0;0.020049378275871277;1.0;1.0;1.0;1.0;0.012020444497466087;1.0;NA;NA;NA;NA;NA;NA;NA;NA;NA;NA;NA;NA;NA
108;1.0;1.0;1.0;1.0;0.012053119949996471;1.0;0.020015349611639977;1.0;1.0;1.0;1.0;0.012053119949996471;1.0;NA;NA;NA;NA;NA;NA;NA;NA;NA;NA;NA;NA;NA
109;1.0;1.0;1.0;1.0;0.012426814995706081;1.0;0.0203227736055851;1.0;1.0;1.0;1.0;0.012426814995706081;1.0;NA;NA;NA;NA;NA;NA;NA;NA;NA;NA;NA;NA;NA
110;1.0;1.0;1.0;1.0;0.012226183898746967;1.0;0.02005630172789097;1.0;1.0;1.0;1.0;0.012226183898746967;1.0;NA;NA;NA;NA;NA;NA;NA;NA;NA;NA;NA;NA;NA
111;1.0;1.0;1.0;1.0;0.012026474811136723;1.0;0.01979118399322033;1.0;1.0;1.0;1.0;0.012026474811136723;1.0;NA;NA;NA;NA;NA;NA;NA;NA;NA;NA;NA;NA;NA
112;1.0;1.0;1.0;1.0;0.012030578218400478;1.0;0.019730309024453163;1.0;1.0;1.0;1.0;0.012030578218400478;1.0;NA;NA;NA;NA;NA;NA;NA;NA;NA;NA;NA;NA;NA
113;1.0;1.0;1.0;1.0;0.011922778561711311;1.0;0.019557956606149673;1.0;1.0;1.0;1.0;0.011922778561711311;1.0;NA;NA;NA;NA;NA;NA;NA;NA;NA;NA;NA;NA;NA
114;1.0;1.0;1.0;1.0;0.012018394656479359;1.0;0.019589444622397423;1.0;1.0;1.0;1.0;0.012018394656479359;1.0;NA;NA;NA;NA;NA;NA;NA;NA;NA;NA;NA;NA;NA
115;1.0;1.0;1.0;1.0;0.011762353591620922;1.0;0.019269701093435287;1.0;1.0;1.0;1.0;0.011762353591620922;1.0;NA;NA;NA;NA;NA;NA;NA;NA;NA;NA;NA;NA;NA
116;1.0;1.0;1.0;1.0;0.012147214263677597;1.0;0.019591279327869415;1.0;1.0;1.0;1.0;0.012147214263677597;1.0;NA;NA;NA;NA;NA;NA;NA;NA;NA;NA;NA;NA;NA
117;1.0;1.0;1.0;1.0;0.012197880074381828;1.0;0.019579080864787102;1.0;1.0;1.0;1.0;0.012197880074381828;1.0;NA;NA;NA;NA;NA;NA;NA;NA;NA;NA;NA;NA;NA
118;1.0;1.0;1.0;1.0;0.012443155981600285;1.0;0.019761910662055016;1.0;1.0;1.0;1.0;0.012443155981600285;1.0;NA;NA;NA;NA;NA;NA;NA;NA;NA;NA;NA;NA;NA
119;1.0;1.0;1.0;1.0;0.011765601113438606;1.0;0.019022326916456223;1.0;1.0;1.0;1.0;0.011765601113438606;1.0;NA;NA;NA;NA;NA;NA;NA;NA;NA;NA;NA;NA;NA
0;1.0;0.3305084705352783;1.0;1.0;0.7456880211830139;0.6051475405693054;0.7636880278587341;1.0;0.3305084705352783;1.0;1.0;0.7456880211830139;0.6051475405693054;NA;NA;NA;NA;NA;NA;NA;NA;NA;NA;NA;NA;NA
1;1.0;0.32203391194343567;1.0;1.0;0.7406781315803528;0.603735089302063;0.7585583925247192;1.0;0.32203391194343567;1.0;1.0;0.7406781315803528;0.603735089302063;NA;NA;NA;NA;NA;NA;NA;NA;NA;NA;NA;NA;NA
2;1.0;0.34557437896728516;1.0;1.0;0.7382776737213135;0.6159761548042297;0.7560386061668396;1.0;0.34557437896728516;1.0;1.0;0.7382776737213135;0.6159761548042297;NA;NA;NA;NA;NA;NA;NA;NA;NA;NA;NA;NA;NA
3;1.0;0.31826743483543396;1.0;1.0;0.7332803606987;0.6043628454208374;0.7509223222732544;1.0;0.31826743483543396;1.0;1.0;0.7332803606987;0.6043628454208374;NA;NA;NA;NA;NA;NA;NA;NA;NA;NA;NA;NA;NA
4;1.0;0.33521658182144165;1.0;1.0;0.7370719909667969;0.6159761548042297;0.7545954585075378;1.0;0.33521658182144165;1.0;1.0;0.7370719909667969;0.6159761548042297;NA;NA;NA;NA;NA;NA;NA;NA;NA;NA;NA;NA;NA
5;1.0;0.3305084705352783;1.0;1.0;0.7367326617240906;0.6075015664100647;0.7541380524635315;1.0;0.3305084705352783;1.0;1.0;0.7367326617240906;0.6075015664100647;NA;NA;NA;NA;NA;NA;NA;NA;NA;NA;NA;NA;NA
6;1.0;0.33427494764328003;1.0;1.0;0.7386113405227661;0.610640287399292;0.7558990716934204;1.0;0.33427494764328003;1.0;1.0;0.7386113405227661;0.610640287399292;NA;NA;NA;NA;NA;NA;NA;NA;NA;NA;NA;NA;NA
7;1.0;0.3305084705352783;1.0;1.0;0.7450633645057678;0.6038920879364014;0.7622338533401489;1.0;0.3305084705352783;1.0;1.0;0.7450633645057678;0.6038920879364014;NA;NA;NA;NA;NA;NA;NA;NA;NA;NA;NA;NA;NA
8;1.0;0.3192090392112732;1.0;1.0;0.7425375580787659;0.6016949415206909;0.7595913410186768;1.0;0.3192090392112732;1.0;1.0;0.7425375580787659;0.6016949415206909;NA;NA;NA;NA;NA;NA;NA;NA;NA;NA;NA;NA;NA
9;1.0;0.32862523198127747;1.0;1.0;0.7412125468254089;0.6087570786476135;0.7581499814987183;1.0;0.32862523198127747;1.0;1.0;0.7412125468254089;0.6087570786476135;NA;NA;NA;NA;NA;NA;NA;NA;NA;NA;NA;NA;NA
10;1.0;0.34274953603744507;1.0;1.0;0.7371863126754761;0.6178593635559082;0.7540079355239868;1.0;0.34274953603744507;1.0;1.0;0.7371863126754761;0.6178593635559082;NA;NA;NA;NA;NA;NA;NA;NA;NA;NA;NA;NA;NA
11;1.0;0.3097928464412689;1.0;1.0;0.7382073998451233;0.5965160131454468;0.7549136281013489;1.0;0.3097928464412689;1.0;1.0;0.7382073998451233;0.5965160131454468;NA;NA;NA;NA;NA;NA;NA;NA;NA;NA;NA;NA;NA
12;1.0;0.32485875487327576;1.0;1.0;0.7374748587608337;0.6089139580726624;0.7540661692619324;1.0;0.32485875487327576;1.0;1.0;0.7374748587608337;0.6089139580726624;NA;NA;NA;NA;NA;NA;NA;NA;NA;NA;NA;NA;NA
13;1.0;0.32485875487327576;1.0;1.0;0.7406750321388245;0.6048336625099182;0.7571519017219543;1.0;0.32485875487327576;1.0;1.0;0.7406750321388245;0.6048336625099182;NA;NA;NA;NA;NA;NA;NA;NA;NA;NA;NA;NA;NA
14;1.0;0.3192090392112732;1.0;1.0;0.7386035919189453;0.6026365160942078;0.7549664974212646;1.0;0.3192090392112732;1.0;1.0;0.7386035919189453;0.6026365160942078;NA;NA;NA;NA;NA;NA;NA;NA;NA;NA;NA;NA;NA
15;1.0;0.33804142475128174;1.0;1.0;0.7249288558959961;0.619114875793457;0.7411783337593079;1.0;0.33804142475128174;1.0;1.0;0.7249288558959961;0.619114875793457;NA;NA;NA;NA;NA;NA;NA;NA;NA;NA;NA;NA;NA
16;1.0;0.35969868302345276;1.0;1.0;0.7214550375938416;0.6271186470985413;0.737591564655304;1.0;0.35969868302345276;1.0;1.0;0.7214550375938416;0.6271186470985413;NA;NA;NA;NA;NA;NA;NA;NA;NA;NA;NA;NA;NA
17;1.0;0.3465160131454468;1.0;1.0;0.7243897914886475;0.6233521103858948;0.7404138445854187;1.0;0.3465160131454468;1.0;1.0;0.7243897914886475;0.6233521103858948;NA;NA;NA;NA;NA;NA;NA;NA;NA;NA;NA;NA;NA
18;1.0;0.3709981143474579;1.0;1.0;0.7217086553573608;0.6319836974143982;0.7376207113265991;1.0;0.3709981143474579;1.0;1.0;0.7217086553573608;0.6319836974143982;NA;NA;NA;NA;NA;NA;NA;NA;NA;NA;NA;NA;NA
19;1.0;0.37005650997161865;1.0;1.0;0.7224431037902832;0.6343377232551575;0.7382436990737915;1.0;0.37005650997161865;1.0;1.0;0.7224431037902832;0.6343377232551575;NA;NA;NA;NA;NA;NA;NA;NA;NA;NA;NA;NA;NA
20;1.0;0.3502824902534485;1.0;1.0;0.7149879932403564;0.6282172203063965;0.7306776642799377;1.0;0.3502824902534485;1.0;1.0;0.7149879932403564;0.6282172203063965;NA;NA;NA;NA;NA;NA;NA;NA;NA;NA;NA;NA;NA
21;1.0;0.3644067943096161;1.0;1.0;0.7222115993499756;0.6344946622848511;0.7377908229827881;1.0;0.3644067943096161;1.0;1.0;0.7222115993499756;0.6344946622848511;NA;NA;NA;NA;NA;NA;NA;NA;NA;NA;NA;NA;NA
22;1.0;0.4161958694458008;1.0;1.0;0.7057499289512634;0.6635279655456543;0.7212192416191101;1.0;0.4161958694458008;1.0;1.0;0.7057499289512634;0.6635279655456543;NA;NA;NA;NA;NA;NA;NA;NA;NA;NA;NA;NA;NA
23;1.0;0.3747645914554596;1.0;1.0;0.7082892060279846;0.6410859823226929;0.7236491441726685;1.0;0.3747645914554596;1.0;1.0;0.7082892060279846;0.6410859823226929;NA;NA;NA;NA;NA;NA;NA;NA;NA;NA;NA;NA;NA
24;1.0;0.430320143699646;1.0;1.0;0.6994509100914001;0.6707469820976257;0.7147018909454346;1.0;0.430320143699646;1.0;1.0;0.6994509100914001;0.6707469820976257;NA;NA;NA;NA;NA;NA;NA;NA;NA;NA;NA;NA;NA
25;1.0;0.46421846747398376;1.0;1.0;0.6896557807922363;0.6922473311424255;0.7047984600067139;1.0;0.46421846747398376;1.0;1.0;0.6896557807922363;0.6922473311424255;NA;NA;NA;NA;NA;NA;NA;NA;NA;NA;NA;NA;NA
26;1.0;0.46327683329582214;1.0;1.0;0.6854907274246216;0.6930320262908936;0.7005255222320557;1.0;0.46327683329582214;1.0;1.0;0.6854907274246216;0.6930320262908936;NA;NA;NA;NA;NA;NA;NA;NA;NA;NA;NA;NA;NA
27;1.0;0.47740113735198975;1.0;1.0;0.677145779132843;0.7013496160507202;0.6920733451843262;1.0;0.47740113735198975;1.0;1.0;0.677145779132843;0.7013496160507202;NA;NA;NA;NA;NA;NA;NA;NA;NA;NA;NA;NA;NA
28;1.0;0.4905838072299957;1.0;1.0;0.6673282980918884;0.7118644118309021;0.6821490526199341;1.0;0.4905838072299957;1.0;1.0;0.6673282980918884;0.7118644118309021;NA;NA;NA;NA;NA;NA;NA;NA;NA;NA;NA;NA;NA
29;1.0;0.5282486081123352;1.0;1.0;0.6576356291770935;0.7349340915679932;0.6723501682281494;1.0;0.5282486081123352;1.0;1.0;0.6576356291770935;0.7349340915679932;NA;NA;NA;NA;NA;NA;NA;NA;NA;NA;NA;NA;NA
30;1.0;0.5668550133705139;1.0;1.0;0.6498484015464783;0.7565913796424866;0.6644572019577026;1.0;0.5668550133705139;1.0;1.0;0.6498484015464783;0.7565913796424866;NA;NA;NA;NA;NA;NA;NA;NA;NA;NA;NA;NA;NA
31;1.0;0.5489642024040222;1.0;1.0;0.6436346769332886;0.7500000596046448;0.6581383347511292;1.0;0.5489642024040222;1.0;1.0;0.6436346769332886;0.7500000596046448;NA;NA;NA;NA;NA;NA;NA;NA;NA;NA;NA;NA;NA
32;1.0;0.5969868302345276;1.0;1.0;0.6262367367744446;0.776365339756012;0.6406357288360596;1.0;0.5969868302345276;1.0;1.0;0.6262367367744446;0.776365339756012;NA;NA;NA;NA;NA;NA;NA;NA;NA;NA;NA;NA;NA
33;1.0;0.6431261897087097;1.0;1.0;0.6115635633468628;0.800533652305603;0.6258584856987;1.0;0.6431261897087097;1.0;1.0;0.6115635633468628;0.800533652305603;NA;NA;NA;NA;NA;NA;NA;NA;NA;NA;NA;NA;NA
34;1.0;0.6883239150047302;1.0;1.0;0.5892266631126404;0.8292530179023743;0.6034179925918579;1.0;0.6883239150047302;1.0;1.0;0.5892266631126404;0.8292530179023743;NA;NA;NA;NA;NA;NA;NA;NA;NA;NA;NA;NA;NA
35;1.0;0.7015066146850586;1.0;1.0;0.5812802910804749;0.8389830589294434;0.5953686237335205;1.0;0.7015066146850586;1.0;1.0;0.5812802910804749;0.8389830589294434;NA;NA;NA;NA;NA;NA;NA;NA;NA;NA;NA;NA;NA
36;1.0;0.7532956600189209;1.0;1.0;0.5559082627296448;0.8651915192604065;0.5698941349983215;1.0;0.7532956600189209;1.0;1.0;0.5559082627296448;0.8651915192604065;NA;NA;NA;NA;NA;NA;NA;NA;NA;NA;NA;NA;NA
37;1.0;0.7853107452392578;1.0;1.0;0.5471717119216919;0.8848084807395935;0.5610556602478027;1.0;0.7853107452392578;1.0;1.0;0.5471717119216919;0.8848084807395935;NA;NA;NA;NA;NA;NA;NA;NA;NA;NA;NA;NA;NA
38;1.0;0.8032014966011047;1.0;1.0;0.5297606587409973;0.8937539458274841;0.5435432195663452;1.0;0.8032014966011047;1.0;1.0;0.5297606587409973;0.8937539458274841;NA;NA;NA;NA;NA;NA;NA;NA;NA;NA;NA;NA;NA
39;1.0;0.8474576473236084;1.0;1.0;0.5073041319847107;0.9194914698600769;0.5209858417510986;1.0;0.8474576473236084;1.0;1.0;0.5073041319847107;0.9194914698600769;NA;NA;NA;NA;NA;NA;NA;NA;NA;NA;NA;NA;NA
40;1.0;0.8794726729393005;1.0;1.0;0.48536863923072815;0.9354991316795349;0.49894997477531433;1.0;0.8794726729393005;1.0;1.0;0.48536863923072815;0.9354991316795349;NA;NA;NA;NA;NA;NA;NA;NA;NA;NA;NA;NA;NA
41;1.0;0.8860640525817871;1.0;1.0;0.47108906507492065;0.9392655491828918;0.48457062244415283;1.0;0.8860640525817871;1.0;1.0;0.47108906507492065;0.9392655491828918;NA;NA;NA;NA;NA;NA;NA;NA;NA;NA;NA;NA;NA
42;1.0;0.9256120324134827;1.0;1.0;0.4415326714515686;0.9607658982276917;0.45491501688957214;1.0;0.9256120324134827;1.0;1.0;0.4415326714515686;0.9607658982276917;NA;NA;NA;NA;NA;NA;NA;NA;NA;NA;NA;NA;NA
43;1.0;0.9378530979156494;1.0;1.0;0.41844308376312256;0.9678279161453247;0.43172672390937805;1.0;0.9378530979156494;1.0;1.0;0.41844308376312256;0.9678279161453247;NA;NA;NA;NA;NA;NA;NA;NA;NA;NA;NA;NA;NA
44;1.0;0.9585687518119812;1.0;1.0;0.3985697627067566;0.9781857132911682;0.4117552638053894;1.0;0.9585687518119812;1.0;1.0;0.3985697627067566;0.9781857132911682;NA;NA;NA;NA;NA;NA;NA;NA;NA;NA;NA;NA;NA
45;1.0;0.9642184376716614;1.0;1.0;0.368939071893692;0.9816384315490723;0.38202694058418274;1.0;0.9642184376716614;1.0;1.0;0.368939071893692;0.9816384315490723;NA;NA;NA;NA;NA;NA;NA;NA;NA;NA;NA;NA;NA
46;1.0;0.9774011373519897;1.0;1.0;0.34843698143959045;0.9883866310119629;0.36142775416374207;1.0;0.9774011373519897;1.0;1.0;0.34843698143959045;0.9883866310119629;NA;NA;NA;NA;NA;NA;NA;NA;NA;NA;NA;NA;NA
47;1.0;0.9802259802818298;1.0;1.0;0.3239007592201233;0.9896422028541565;0.33679497241973877;1.0;0.9802259802818298;1.0;1.0;0.3239007592201233;0.9896422028541565;NA;NA;NA;NA;NA;NA;NA;NA;NA;NA;NA;NA;NA
48;1.0;0.9887005686759949;1.0;1.0;0.31405526399612427;0.994350254535675;0.326853483915329;1.0;0.9887005686759949;1.0;1.0;0.31405526399612427;0.994350254535675;NA;NA;NA;NA;NA;NA;NA;NA;NA;NA;NA;NA;NA
49;1.0;0.9924670457839966;1.0;1.0;0.2874771058559418;0.9959197044372559;0.3001798391342163;1.0;0.9924670457839966;1.0;1.0;0.2874771058559418;0.9959197044372559;NA;NA;NA;NA;NA;NA;NA;NA;NA;NA;NA;NA;NA
50;1.0;0.991525411605835;1.0;1.0;0.26618316769599915;0.9956057071685791;0.2787909507751465;1.0;0.991525411605835;1.0;1.0;0.26618316769599915;0.9956057071685791;NA;NA;NA;NA;NA;NA;NA;NA;NA;NA;NA;NA;NA
51;1.0;0.9905837774276733;1.0;1.0;0.24493776261806488;0.9951350092887878;0.2574511468410492;1.0;0.9905837774276733;1.0;1.0;0.24493776261806488;0.9951350092887878;NA;NA;NA;NA;NA;NA;NA;NA;NA;NA;NA;NA;NA
52;1.0;0.9981167316436768;1.0;1.0;0.2261262983083725;0.9990583658218384;0.23854580521583557;1.0;0.9981167316436768;1.0;1.0;0.2261262983083725;0.9990583658218384;NA;NA;NA;NA;NA;NA;NA;NA;NA;NA;NA;NA;NA
53;1.0;0.9934086799621582;1.0;1.0;0.2056063711643219;0.9967043399810791;0.21793252229690552;1.0;0.9934086799621582;1.0;1.0;0.2056063711643219;0.9967043399810791;NA;NA;NA;NA;NA;NA;NA;NA;NA;NA;NA;NA;NA
54;1.0;0.9962335228919983;1.0;1.0;0.19318293035030365;0.9981167316436768;0.2054162621498108;1.0;0.9962335228919983;1.0;1.0;0.19318293035030365;0.9981167316436768;NA;NA;NA;NA;NA;NA;NA;NA;NA;NA;NA;NA;NA
55;1.0;1.0;1.0;1.0;0.17679983377456665;1.0;0.1889408677816391;1.0;1.0;1.0;1.0;0.17679983377456665;1.0;NA;NA;NA;NA;NA;NA;NA;NA;NA;NA;NA;NA;NA
56;1.0;0.9981167316436768;1.0;1.0;0.16112062335014343;0.9990583658218384;0.17316988110542297;1.0;0.9981167316436768;1.0;1.0;0.16112062335014343;0.9990583658218384;NA;NA;NA;NA;NA;NA;NA;NA;NA;NA;NA;NA;NA
57;1.0;0.9990583658218384;1.0;1.0;0.1464482992887497;0.9995291829109192;0.1584063172340393;1.0;0.9990583658218384;1.0;1.0;0.1464482992887497;0.9995291829109192;NA;NA;NA;NA;NA;NA;NA;NA;NA;NA;NA;NA;NA
58;1.0;0.9990583658218384;1.0;1.0;0.13415686786174774;0.9995291829109192;0.1460241675376892;1.0;0.9990583658218384;1.0;1.0;0.13415686786174774;0.9995291829109192;NA;NA;NA;NA;NA;NA;NA;NA;NA;NA;NA;NA;NA
59;1.0;0.9990583658218384;1.0;1.0;0.12033291906118393;0.9995291829109192;0.13211002945899963;1.0;0.9990583658218384;1.0;1.0;0.12033291906118393;0.9995291829109192;NA;NA;NA;NA;NA;NA;NA;NA;NA;NA;NA;NA;NA
60;1.0;1.0;1.0;1.0;0.11063624918460846;1.0;0.12232367694377899;1.0;1.0;1.0;1.0;0.11063624918460846;1.0;NA;NA;NA;NA;NA;NA;NA;NA;NA;NA;NA;NA;NA
61;1.0;1.0;1.0;1.0;0.09996382892131805;1.0;0.1115621030330658;1.0;1.0;1.0;1.0;0.09996382892131805;1.0;NA;NA;NA;NA;NA;NA;NA;NA;NA;NA;NA;NA;NA
62;1.0;1.0;1.0;1.0;0.0893419161438942;1.0;0.10085155069828033;1.0;1.0;1.0;1.0;0.0893419161438942;1.0;NA;NA;NA;NA;NA;NA;NA;NA;NA;NA;NA;NA;NA
63;1.0;1.0;1.0;1.0;0.07872246205806732;1.0;0.09014397114515305;1.0;1.0;1.0;1.0;0.07872246205806732;1.0;NA;NA;NA;NA;NA;NA;NA;NA;NA;NA;NA;NA;NA
64;1.0;1.0;1.0;1.0;0.07269859313964844;1.0;0.08403249084949493;1.0;1.0;1.0;1.0;0.07269859313964844;1.0;NA;NA;NA;NA;NA;NA;NA;NA;NA;NA;NA;NA;NA
65;1.0;1.0;1.0;1.0;0.06480549275875092;1.0;0.07605230063199997;1.0;1.0;1.0;1.0;0.06480549275875092;1.0;NA;NA;NA;NA;NA;NA;NA;NA;NA;NA;NA;NA;NA
66;1.0;1.0;1.0;1.0;0.06133483722805977;1.0;0.07249505817890167;1.0;1.0;1.0;1.0;0.06133483722805977;1.0;NA;NA;NA;NA;NA;NA;NA;NA;NA;NA;NA;NA;NA
67;1.0;1.0;1.0;1.0;0.05288754403591156;1.0;0.0639616921544075;1.0;1.0;1.0;1.0;0.05288754403591156;1.0;NA;NA;NA;NA;NA;NA;NA;NA;NA;NA;NA;NA;NA
68;1.0;1.0;1.0;1.0;0.04810795933008194;1.0;0.05909654125571251;1.0;1.0;1.0;1.0;0.04810795933008194;1.0;NA;NA;NA;NA;NA;NA;NA;NA;NA;NA;NA;NA;NA
69;1.0;1.0;1.0;1.0;0.04319055378437042;1.0;0.05409407615661621;1.0;1.0;1.0;1.0;0.04319055378437042;1.0;NA;NA;NA;NA;NA;NA;NA;NA;NA;NA;NA;NA;NA
70;1.0;1.0;1.0;1.0;0.03819393739104271;1.0;0.04901290684938431;1.0;1.0;1.0;1.0;0.03819393739104271;1.0;NA;NA;NA;NA;NA;NA;NA;NA;NA;NA;NA;NA;NA
71;1.0;1.0;1.0;1.0;0.035167187452316284;1.0;0.045902103185653687;1.0;1.0;1.0;1.0;0.035167187452316284;1.0;NA;NA;NA;NA;NA;NA;NA;NA;NA;NA;NA;NA;NA
72;1.0;1.0;1.0;1.0;0.032462287694215775;1.0;0.043113648891448975;1.0;1.0;1.0;1.0;0.032462287694215775;1.0;NA;NA;NA;NA;NA;NA;NA;NA;NA;NA;NA;NA;NA
73;1.0;1.0;1.0;1.0;0.030244100838899612;1.0;0.0408124104142189;1.0;1.0;1.0;1.0;0.030244100838899612;1.0;NA;NA;NA;NA;NA;NA;NA;NA;NA;NA;NA;NA;NA
74;1.0;1.0;1.0;1.0;0.027942027896642685;1.0;0.03842778503894806;1.0;1.0;1.0;1.0;0.027942027896642685;1.0;NA;NA;NA;NA;NA;NA;NA;NA;NA;NA;NA;NA;NA
75;1.0;1.0;1.0;1.0;0.02497192472219467;1.0;0.035375624895095825;1.0;1.0;1.0;1.0;0.02497192472219467;1.0;NA;NA;NA;NA;NA;NA;NA;NA;NA;NA;NA;NA;NA
76;1.0;1.0;1.0;1.0;0.023261109367012978;1.0;0.03358324617147446;1.0;1.0;1.0;1.0;0.023261109367012978;1.0;NA;NA;NA;NA;NA;NA;NA;NA;NA;NA;NA;NA;NA
77;1.0;1.0;1.0;1.0;0.022025257349014282;1.0;0.032266322523355484;1.0;1.0;1.0;1.0;0.022025257349014282;1.0;NA;NA;NA;NA;NA;NA;NA;NA;NA;NA;NA;NA;NA
78;1.0;1.0;1.0;1.0;0.0201700571924448;1.0;0.030330538749694824;1.0;1.0;1.0;1.0;0.0201700571924448;1.0;NA;NA;NA;NA;NA;NA;NA;NA;NA;NA;NA;NA;NA
79;1.0;1.0;1.0;1.0;0.01920807920396328;1.0;0.02928847074508667;1.0;1.0;1.0;1.0;0.01920807920396328;1.0;NA;NA;NA;NA;NA;NA;NA;NA;NA;NA;NA;NA;NA
80;1.0;1.0;1.0;1.0;0.018228141590952873;1.0;0.02822893112897873;1.0;1.0;1.0;1.0;0.018228141590952873;1.0;NA;NA;NA;NA;NA;NA;NA;NA;NA;NA;NA;NA;NA
81;1.0;1.0;1.0;1.0;0.017406897619366646;1.0;0.02732856571674347;1.0;1.0;1.0;1.0;0.017406897619366646;1.0;NA;NA;NA;NA;NA;NA;NA;NA;NA;NA;NA;NA;NA
82;1.0;1.0;1.0;1.0;0.016676049679517746;1.0;0.026519084349274635;1.0;1.0;1.0;1.0;0.016676049679517746;1.0;NA;NA;NA;NA;NA;NA;NA;NA;NA;NA;NA;NA;NA
83;1.0;1.0;1.0;1.0;0.01604899950325489;1.0;0.02581387758255005;1.0;1.0;1.0;1.0;0.01604899950325489;1.0;NA;NA;NA;NA;NA;NA;NA;NA;NA;NA;NA;NA;NA
84;1.0;1.0;1.0;1.0;0.01544395461678505;1.0;0.025131160393357277;1.0;1.0;1.0;1.0;0.01544395461678505;1.0;NA;NA;NA;NA;NA;NA;NA;NA;NA;NA;NA;NA;NA
85;1.0;1.0;1.0;1.0;0.015267490409314632;1.0;0.024877497926354408;1.0;1.0;1.0;1.0;0.015267490409314632;1.0;NA;NA;NA;NA;NA;NA;NA;NA;NA;NA;NA;NA;NA
86;1.0;1.0;1.0;1.0;0.014704619534313679;1.0;0.02423790842294693;1.0;1.0;1.0;1.0;0.014704619534313679;1.0;NA;NA;NA;NA;NA;NA;NA;NA;NA;NA;NA;NA;NA
87;1.0;1.0;1.0;1.0;0.014088436961174011;1.0;0.023545479401946068;1.0;1.0;1.0;1.0;0.014088436961174011;1.0;NA;NA;NA;NA;NA;NA;NA;NA;NA;NA;NA;NA;NA
88;1.0;1.0;1.0;1.0;0.013476994819939137;1.0;0.022858263924717903;1.0;1.0;1.0;1.0;0.013476994819939137;1.0;NA;NA;NA;NA;NA;NA;NA;NA;NA;NA;NA;NA;NA
89;1.0;1.0;1.0;1.0;0.013722646981477737;1.0;0.02302861399948597;1.0;1.0;1.0;1.0;0.013722646981477737;1.0;NA;NA;NA;NA;NA;NA;NA;NA;NA;NA;NA;NA;NA
90;1.0;1.0;1.0;1.0;0.013388661667704582;1.0;0.022619791328907013;1.0;1.0;1.0;1.0;0.013388661667704582;1.0;NA;NA;NA;NA;NA;NA;NA;NA;NA;NA;NA;NA;NA
91;1.0;1.0;1.0;1.0;0.01315113715827465;1.0;0.022307902574539185;1.0;1.0;1.0;1.0;0.01315113715827465;1.0;NA;NA;NA;NA;NA;NA;NA;NA;NA;NA;NA;NA;NA
92;1.0;1.0;1.0;1.0;0.013041791506111622;1.0;0.022124653682112694;1.0;1.0;1.0;1.0;0.013041791506111622;1.0;NA;NA;NA;NA;NA;NA;NA;NA;NA;NA;NA;NA;NA
93;1.0;1.0;1.0;1.0;0.012564861215651035;1.0;0.021574286743998528;1.0;1.0;1.0;1.0;0.012564861215651035;1.0;NA;NA;NA;NA;NA;NA;NA;NA;NA;NA;NA;NA;NA
94;1.0;1.0;1.0;1.0;0.012597581371665001;1.0;0.0215340293943882;1.0;1.0;1.0;1.0;0.012597581371665001;1.0;NA;NA;NA;NA;NA;NA;NA;NA;NA;NA;NA;NA;NA
95;1.0;1.0;1.0;1.0;0.012634612619876862;1.0;0.02149854600429535;1.0;1.0;1.0;1.0;0.012634612619876862;1.0;NA;NA;NA;NA;NA;NA;NA;NA;NA;NA;NA;NA;NA
96;1.0;1.0;1.0;1.0;0.012609467841684818;1.0;0.021401342004537582;1.0;1.0;1.0;1.0;0.012609467841684818;1.0;NA;NA;NA;NA;NA;NA;NA;NA;NA;NA;NA;NA;NA
97;1.0;1.0;1.0;1.0;0.012263672426342964;1.0;0.020983943715691566;1.0;1.0;1.0;1.0;0.012263672426342964;1.0;NA;NA;NA;NA;NA;NA;NA;NA;NA;NA;NA;NA;NA
98;1.0;1.0;1.0;1.0;0.0123032471165061;1.0;0.020952371880412102;1.0;1.0;1.0;1.0;0.0123032471165061;1.0;NA;NA;NA;NA;NA;NA;NA;NA;NA;NA;NA;NA;NA
99;1.0;1.0;1.0;1.0;0.012432090938091278;1.0;0.021010519936680794;1.0;1.0;1.0;1.0;0.012432090938091278;1.0;NA;NA;NA;NA;NA;NA;NA;NA;NA;NA;NA;NA;NA
100;1.0;1.0;1.0;1.0;0.012311586178839207;1.0;0.02081977017223835;1.0;1.0;1.0;1.0;0.012311586178839207;1.0;NA;NA;NA;NA;NA;NA;NA;NA;NA;NA;NA;NA;NA
101;1.0;1.0;1.0;1.0;0.01215329859405756;1.0;0.02059168554842472;1.0;1.0;1.0;1.0;0.01215329859405756;1.0;NA;NA;NA;NA;NA;NA;NA;NA;NA;NA;NA;NA;NA
102;1.0;1.0;1.0;1.0;0.01232207752764225;1.0;0.02069111540913582;1.0;1.0;1.0;1.0;0.01232207752764225;1.0;NA;NA;NA;NA;NA;NA;NA;NA;NA;NA;NA;NA;NA
103;1.0;1.0;1.0;1.0;0.012197972275316715;1.0;0.020498106256127357;1.0;1.0;1.0;1.0;0.012197972275316715;1.0;NA;NA;NA;NA;NA;NA;NA;NA;NA;NA;NA;NA;NA
104;1.0;1.0;1.0;1.0;0.012427112087607384;1.0;0.020658787339925766;1.0;1.0;1.0;1.0;0.012427112087607384;1.0;NA;NA;NA;NA;NA;NA;NA;NA;NA;NA;NA;NA;NA
105;1.0;1.0;1.0;1.0;0.011906885541975498;1.0;0.02007054165005684;1.0;1.0;1.0;1.0;0.011906885541975498;1.0;NA;NA;NA;NA;NA;NA;NA;NA;NA;NA;NA;NA;NA
106;1.0;1.0;1.0;1.0;0.012038052082061768;1.0;0.020134128630161285;1.0;1.0;1.0;1.0;0.012038052082061768;1.0;NA;NA;NA;NA;NA;NA;NA;NA;NA;NA;NA;NA;NA
107;1.0;1.0;1.0;1.0;0.01200026087462902;1.0;0.02002919465303421;1.0;1.0;1.0;1.0;0.01200026087462902;1.0;NA;NA;NA;NA;NA;NA;NA;NA;NA;NA;NA;NA;NA
108;1.0;1.0;1.0;1.0;0.011979542672634125;1.0;0.019941771402955055;1.0;1.0;1.0;1.0;0.011979542672634125;1.0;NA;NA;NA;NA;NA;NA;NA;NA;NA;NA;NA;NA;NA
109;1.0;1.0;1.0;1.0;0.011740677990019321;1.0;0.01963663473725319;1.0;1.0;1.0;1.0;0.011740677990019321;1.0;NA;NA;NA;NA;NA;NA;NA;NA;NA;NA;NA;NA;NA
110;1.0;1.0;1.0;1.0;0.012215502560138702;1.0;0.020045621320605278;1.0;1.0;1.0;1.0;0.012215502560138702;1.0;NA;NA;NA;NA;NA;NA;NA;NA;NA;NA;NA;NA;NA
111;1.0;1.0;1.0;1.0;0.011987417005002499;1.0;0.019752128049731255;1.0;1.0;1.0;1.0;0.011987417005002499;1.0;NA;NA;NA;NA;NA;NA;NA;NA;NA;NA;NA;NA;NA
112;1.0;1.0;1.0;1.0;0.011848201975226402;1.0;0.019547931849956512;1.0;1.0;1.0;1.0;0.011848201975226402;1.0;NA;NA;NA;NA;NA;NA;NA;NA;NA;NA;NA;NA;NA
113;1.0;1.0;1.0;1.0;0.012162428349256516;1.0;0.019797606393694878;1.0;1.0;1.0;1.0;0.012162428349256516;1.0;NA;NA;NA;NA;NA;NA;NA;NA;NA;NA;NA;NA;NA
114;1.0;1.0;1.0;1.0;0.012165297754108906;1.0;0.01973634772002697;1.0;1.0;1.0;1.0;0.012165297754108906;1.0;NA;NA;NA;NA;NA;NA;NA;NA;NA;NA;NA;NA;NA
115;1.0;1.0;1.0;1.0;0.01196709182113409;1.0;0.019474439322948456;1.0;1.0;1.0;1.0;0.01196709182113409;1.0;NA;NA;NA;NA;NA;NA;NA;NA;NA;NA;NA;NA;NA
116;1.0;1.0;1.0;1.0;0.012200047262012959;1.0;0.019644111394882202;1.0;1.0;1.0;1.0;0.012200047262012959;1.0;NA;NA;NA;NA;NA;NA;NA;NA;NA;NA;NA;NA;NA
117;1.0;1.0;1.0;1.0;0.01212267018854618;1.0;0.019503870978951454;1.0;1.0;1.0;1.0;0.01212267018854618;1.0;NA;NA;NA;NA;NA;NA;NA;NA;NA;NA;NA;NA;NA
118;1.0;1.0;1.0;1.0;0.01193356141448021;1.0;0.019252317026257515;1.0;1.0;1.0;1.0;0.01193356141448021;1.0;NA;NA;NA;NA;NA;NA;NA;NA;NA;NA;NA;NA;NA
119;1.0;1.0;1.0;1.0;0.011836061254143715;1.0;0.01909278705716133;1.0;1.0;1.0;1.0;0.011836061254143715;1.0;NA;NA;NA;NA;NA;NA;NA;NA;NA;NA;NA;NA;NA
0;1.0;0.3258003890514374;1.0;1.0;0.7343956828117371;0.6086000800132751;0.7523956894874573;1.0;0.3258003890514374;1.0;1.0;0.7343956828117371;0.6086000800132751;NA;NA;NA;NA;NA;NA;NA;NA;NA;NA;NA;NA;NA
1;1.0;0.3295668661594391;1.0;1.0;0.7341857552528381;0.6096986532211304;0.7520660161972046;1.0;0.3295668661594391;1.0;1.0;0.7341857552528381;0.6096986532211304;NA;NA;NA;NA;NA;NA;NA;NA;NA;NA;NA;NA;NA
2;1.0;0.33427494764328003;1.0;1.0;0.7344241142272949;0.6131512522697449;0.752185046672821;1.0;0.33427494764328003;1.0;1.0;0.7344241142272949;0.6131512522697449;NA;NA;NA;NA;NA;NA;NA;NA;NA;NA;NA;NA;NA
3;1.0;0.31073445081710815;1.0;1.0;0.7401463389396667;0.5971437096595764;0.7577883005142212;1.0;0.31073445081710815;1.0;1.0;0.7401463389396667;0.5971437096595764;NA;NA;NA;NA;NA;NA;NA;NA;NA;NA;NA;NA;NA
4;1.0;0.32768362760543823;1.0;1.0;0.7385771870613098;0.6070307493209839;0.7561006546020508;1.0;0.32768362760543823;1.0;1.0;0.7385771870613098;0.6070307493209839;NA;NA;NA;NA;NA;NA;NA;NA;NA;NA;NA;NA;NA
5;1.0;0.31826743483543396;1.0;1.0;0.7369593977928162;0.602950394153595;0.7543647885322571;1.0;0.31826743483543396;1.0;1.0;0.7369593977928162;0.602950394153595;NA;NA;NA;NA;NA;NA;NA;NA;NA;NA;NA;NA;NA
6;1.0;0.347457617521286;1.0;1.0;0.734777569770813;0.6183302402496338;0.7520653009414673;1.0;0.347457617521286;1.0;1.0;0.734777569770813;0.6183302402496338;NA;NA;NA;NA;NA;NA;NA;NA;NA;NA;NA;NA;NA
7;1.0;0.32485875487327576;1.0;1.0;0.7306554913520813;0.6082863211631775;0.7478259801864624;1.0;0.32485875487327576;1.0;1.0;0.7306554913520813;0.6082863211631775;NA;NA;NA;NA;NA;NA;NA;NA;NA;NA;NA;NA;NA
8;1.0;0.31826743483543396;1.0;1.0;0.7369301915168762;0.603735089302063;0.7539839744567871;1.0;0.31826743483543396;1.0;1.0;0.7369301915168762;0.603735089302063;NA;NA;NA;NA;NA;NA;NA;NA;NA;NA;NA;NA;NA
9;1.0;0.34274953603744507;1.0;1.0;0.7393200397491455;0.6167608499526978;0.7562574744224548;1.0;0.34274953603744507;1.0;1.0;0.7393200397491455;0.6167608499526978;NA;NA;NA;NA;NA;NA;NA;NA;NA;NA;NA;NA;NA
10;1.0;0.3465160131454468;1.0;1.0;0.7334674596786499;0.6180163621902466;0.7502890825271606;1.0;0.3465160131454468;1.0;1.0;0.7334674596786499;0.6180163621902466;NA;NA;NA;NA;NA;NA;NA;NA;NA;NA;NA;NA;NA
11;1.0;0.3295668661594391;1.0;1.0;0.7304623126983643;0.6106403470039368;0.7471685409545898;1.0;0.3295668661594391;1.0;1.0;0.7304623126983643;0.6106403470039368;NA;NA;NA;NA;NA;NA;NA;NA;NA;NA;NA;NA;NA
12;1.0;0.3465160131454468;1.0;1.0;0.7355067133903503;0.6220967173576355;0.752098023891449;1.0;0.3465160131454468;1.0;1.0;0.7355067133903503;0.6220967173576355;NA;NA;NA;NA;NA;NA;NA;NA;NA;NA;NA;NA;NA
13;1.0;0.33521658182144165;1.0;1.0;0.7311556935310364;0.6147206425666809;0.7476325631141663;1.0;0.33521658182144165;1.0;1.0;0.7311556935310364;0.6147206425666809;NA;NA;NA;NA;NA;NA;NA;NA;NA;NA;NA;NA;NA
14;1.0;0.35499057173728943;1.0;1.0;0.7289378046989441;0.623979926109314;0.7453007698059082;1.0;0.35499057173728943;1.0;1.0;0.7289378046989441;0.623979926109314;NA;NA;NA;NA;NA;NA;NA;NA;NA;NA;NA;NA;NA
15;1.0;0.3361581861972809;1.0;1.0;0.7306943535804749;0.6134651303291321;0.7469438314437866;1.0;0.3361581861972809;1.0;1.0;0.7306943535804749;0.6134651303291321;NA;NA;NA;NA;NA;NA;NA;NA;NA;NA;NA;NA;NA
16;1.0;0.35216572880744934;1.0;1.0;0.7312340140342712;0.6230382919311523;0.7473705410957336;1.0;0.35216572880744934;1.0;1.0;0.7312340140342712;0.6230382919311523;NA;NA;NA;NA;NA;NA;NA;NA;NA;NA;NA;NA;NA
17;1.0;0.37288135290145874;1.0;1.0;0.7188010215759277;0.6373195648193359;0.734825074672699;1.0;0.37288135290145874;1.0;1.0;0.7188010215759277;0.6373195648193359;NA;NA;NA;NA;NA;NA;NA;NA;NA;NA;NA;NA;NA
18;1.0;0.3672316372394562;1.0;1.0;0.722919225692749;0.6346516013145447;0.7388312816619873;1.0;0.3672316372394562;1.0;1.0;0.722919225692749;0.6346516013145447;NA;NA;NA;NA;NA;NA;NA;NA;NA;NA;NA;NA;NA
19;1.0;0.37758946418762207;1.0;1.0;0.7163814306259155;0.6368487477302551;0.7321820259094238;1.0;0.37758946418762207;1.0;1.0;0.7163814306259155;0.6368487477302551;NA;NA;NA;NA;NA;NA;NA;NA;NA;NA;NA;NA;NA
20;1.0;0.3653483986854553;1.0;1.0;0.7271114587783813;0.6316697597503662;0.7428011298179626;1.0;0.3653483986854553;1.0;1.0;0.7271114587783813;0.6316697597503662;NA;NA;NA;NA;NA;NA;NA;NA;NA;NA;NA;NA;NA
21;1.0;0.3879472613334656;1.0;1.0;0.7155386805534363;0.6500313878059387;0.7311179041862488;1.0;0.3879472613334656;1.0;1.0;0.7155386805534363;0.6500313878059387;NA;NA;NA;NA;NA;NA;NA;NA;NA;NA;NA;NA;NA
22;1.0;0.38041430711746216;1.0;1.0;0.7164855599403381;0.6434400081634521;0.7319548726081848;1.0;0.38041430711746216;1.0;1.0;0.7164855599403381;0.6434400081634521;NA;NA;NA;NA;NA;NA;NA;NA;NA;NA;NA;NA;NA
23;1.0;0.41148775815963745;1.0;1.0;0.7068641185760498;0.6605461239814758;0.7222239971160889;1.0;0.41148775815963745;1.0;1.0;0.7068641185760498;0.6605461239814758;NA;NA;NA;NA;NA;NA;NA;NA;NA;NA;NA;NA;NA
24;1.0;0.430320143699646;1.0;1.0;0.6961102485656738;0.674984335899353;0.711361289024353;1.0;0.430320143699646;1.0;1.0;0.6961102485656738;0.674984335899353;NA;NA;NA;NA;NA;NA;NA;NA;NA;NA;NA;NA;NA
25;1.0;0.4406779706478119;1.0;1.0;0.6924464702606201;0.6782799959182739;0.7075891494750977;1.0;0.4406779706478119;1.0;1.0;0.6924464702606201;0.6782799959182739;NA;NA;NA;NA;NA;NA;NA;NA;NA;NA;NA;NA;NA
26;1.0;0.4679849445819855;1.0;1.0;0.6790619492530823;0.6955429911613464;0.6940968036651611;1.0;0.4679849445819855;1.0;1.0;0.6790619492530823;0.6955429911613464;NA;NA;NA;NA;NA;NA;NA;NA;NA;NA;NA;NA;NA
27;1.0;0.4576271176338196;1.0;1.0;0.67633455991745;0.6928750872612;0.6912621259689331;1.0;0.4576271176338196;1.0;1.0;0.67633455991745;0.6928750872612;NA;NA;NA;NA;NA;NA;NA;NA;NA;NA;NA;NA;NA
28;1.0;0.4934086501598358;1.0;1.0;0.6704577803611755;0.7145323157310486;0.6852785348892212;1.0;0.4934086501598358;1.0;1.0;0.6704577803611755;0.7145323157310486;NA;NA;NA;NA;NA;NA;NA;NA;NA;NA;NA;NA;NA
29;1.0;0.4990583658218384;1.0;1.0;0.667091965675354;0.7192405462265015;0.6818064451217651;1.0;0.4990583658218384;1.0;1.0;0.667091965675354;0.7192405462265015;NA;NA;NA;NA;NA;NA;NA;NA;NA;NA;NA;NA;NA
30;1.0;0.5649717450141907;1.0;1.0;0.6500454545021057;0.755649745464325;0.6646542549133301;1.0;0.5649717450141907;1.0;1.0;0.6500454545021057;0.755649745464325;NA;NA;NA;NA;NA;NA;NA;NA;NA;NA;NA;NA;NA
31;1.0;0.578154444694519;1.0;1.0;0.6392584443092346;0.7638104557991028;0.6537621021270752;1.0;0.578154444694519;1.0;1.0;0.6392584443092346;0.7638104557991028;NA;NA;NA;NA;NA;NA;NA;NA;NA;NA;NA;NA;NA
32;1.0;0.5951035618782043;1.0;1.0;0.6376964449882507;0.7730696797370911;0.6520954370498657;1.0;0.5951035618782043;1.0;1.0;0.6376964449882507;0.7730696797370911;NA;NA;NA;NA;NA;NA;NA;NA;NA;NA;NA;NA;NA
33;1.0;0.6337099671363831;1.0;1.0;0.6120677590370178;0.7964532375335693;0.626362681388855;1.0;0.6337099671363831;1.0;1.0;0.6120677590370178;0.7964532375335693;NA;NA;NA;NA;NA;NA;NA;NA;NA;NA;NA;NA;NA
34;1.0;0.6525423526763916;1.0;1.0;0.6022918224334717;0.8093220591545105;0.616483211517334;1.0;0.6525423526763916;1.0;1.0;0.6022918224334717;0.8093220591545105;NA;NA;NA;NA;NA;NA;NA;NA;NA;NA;NA;NA;NA
35;1.0;0.6883239150047302;1.0;1.0;0.5862078666687012;0.8300376534461975;0.6002962589263916;1.0;0.6883239150047302;1.0;1.0;0.5862078666687012;0.8300376534461975;NA;NA;NA;NA;NA;NA;NA;NA;NA;NA;NA;NA;NA
36;1.0;0.7542372941970825;1.0;1.0;0.5617940425872803;0.8683302402496338;0.575779914855957;1.0;0.7542372941970825;1.0;1.0;0.5617940425872803;0.8683302402496338;NA;NA;NA;NA;NA;NA;NA;NA;NA;NA;NA;NA;NA
37;1.0;0.7834274768829346;1.0;1.0;0.55544513463974;0.8843376636505127;0.569329023361206;1.0;0.7834274768829346;1.0;1.0;0.55544513463974;0.8843376636505127;NA;NA;NA;NA;NA;NA;NA;NA;NA;NA;NA;NA;NA
38;1.0;0.8286252617835999;1.0;1.0;0.5229870676994324;0.9078782200813293;0.5367696285247803;1.0;0.8286252617835999;1.0;1.0;0.5229870676994324;0.9078782200813293;NA;NA;NA;NA;NA;NA;NA;NA;NA;NA;NA;NA;NA
39;1.0;0.8465160131454468;1.0;1.0;0.5114328265190125;0.9174513816833496;0.5251145362854004;1.0;0.8465160131454468;1.0;1.0;0.5114328265190125;0.9174513816833496;NA;NA;NA;NA;NA;NA;NA;NA;NA;NA;NA;NA;NA
40;1.0;0.8644067645072937;1.0;1.0;0.4917230010032654;0.9273383617401123;0.5053043365478516;1.0;0.8644067645072937;1.0;1.0;0.4917230010032654;0.9273383617401123;NA;NA;NA;NA;NA;NA;NA;NA;NA;NA;NA;NA;NA
41;1.0;0.901129961013794;1.0;1.0;0.46044081449508667;0.9482108950614929;0.47392240166664124;1.0;0.901129961013794;1.0;1.0;0.46044081449508667;0.9482108950614929;NA;NA;NA;NA;NA;NA;NA;NA;NA;NA;NA;NA;NA
42;1.0;0.9114877581596375;1.0;1.0;0.4469364583492279;0.9532328844070435;0.46031880378723145;1.0;0.9114877581596375;1.0;1.0;0.4469364583492279;0.9532328844070435;NA;NA;NA;NA;NA;NA;NA;NA;NA;NA;NA;NA;NA
43;1.0;0.9180790781974792;1.0;1.0;0.4286484718322754;0.9574702382087708;0.4419321119785309;1.0;0.9180790781974792;1.0;1.0;0.4286484718322754;0.9574702382087708;NA;NA;NA;NA;NA;NA;NA;NA;NA;NA;NA;NA;NA
44;1.0;0.9491525292396545;1.0;1.0;0.4033944010734558;0.9737915396690369;0.4165799021720886;1.0;0.9491525292396545;1.0;1.0;0.4033944010734558;0.9737915396690369;NA;NA;NA;NA;NA;NA;NA;NA;NA;NA;NA;NA;NA
45;1.0;0.9510357975959778;1.0;1.0;0.3813971281051636;0.9750470519065857;0.3944849967956543;1.0;0.9510357975959778;1.0;1.0;0.3813971281051636;0.9750470519065857;NA;NA;NA;NA;NA;NA;NA;NA;NA;NA;NA;NA;NA
46;1.0;0.9661017060279846;1.0;1.0;0.3545273542404175;0.9824230074882507;0.3675181269645691;1.0;0.9661017060279846;1.0;1.0;0.3545273542404175;0.9824230074882507;NA;NA;NA;NA;NA;NA;NA;NA;NA;NA;NA;NA;NA
47;1.0;0.973634660243988;1.0;1.0;0.33662545680999756;0.9863465428352356;0.34951967000961304;1.0;0.973634660243988;1.0;1.0;0.33662545680999756;0.9863465428352356;NA;NA;NA;NA;NA;NA;NA;NA;NA;NA;NA;NA;NA
48;1.0;0.9858757257461548;1.0;1.0;0.3100820779800415;0.9929378628730774;0.3228802978992462;1.0;0.9858757257461548;1.0;1.0;0.3100820779800415;0.9929378628730774;NA;NA;NA;NA;NA;NA;NA;NA;NA;NA;NA;NA;NA
49;1.0;0.9868173003196716;1.0;1.0;0.2926316559314728;0.9934086799621582;0.3053343892097473;1.0;0.9868173003196716;1.0;1.0;0.2926316559314728;0.9934086799621582;NA;NA;NA;NA;NA;NA;NA;NA;NA;NA;NA;NA;NA
50;1.0;0.991525411605835;1.0;1.0;0.26944079995155334;0.9957627058029175;0.2820485830307007;1.0;0.991525411605835;1.0;1.0;0.26944079995155334;0.9957627058029175;NA;NA;NA;NA;NA;NA;NA;NA;NA;NA;NA;NA;NA
51;1.0;0.994350254535675;1.0;1.0;0.2517794072628021;0.9970182180404663;0.26429277658462524;1.0;0.994350254535675;1.0;1.0;0.2517794072628021;0.9970182180404663;NA;NA;NA;NA;NA;NA;NA;NA;NA;NA;NA;NA;NA
52;1.0;0.9952918887138367;1.0;1.0;0.23259396851062775;0.9976459741592407;0.24501347541809082;1.0;0.9952918887138367;1.0;1.0;0.23259396851062775;0.9976459741592407;NA;NA;NA;NA;NA;NA;NA;NA;NA;NA;NA;NA;NA
53;1.0;0.9981167316436768;1.0;1.0;0.21268723905086517;0.9990583658218384;0.2250133752822876;1.0;0.9981167316436768;1.0;1.0;0.21268723905086517;0.9990583658218384;NA;NA;NA;NA;NA;NA;NA;NA;NA;NA;NA;NA;NA
54;1.0;0.9981167316436768;1.0;1.0;0.1950790286064148;0.9990583658218384;0.20731234550476074;1.0;0.9981167316436768;1.0;1.0;0.1950790286064148;0.9990583658218384;NA;NA;NA;NA;NA;NA;NA;NA;NA;NA;NA;NA;NA
55;1.0;0.9990583658218384;1.0;1.0;0.1779949814081192;0.9995291829109192;0.19013601541519165;1.0;0.9990583658218384;1.0;1.0;0.1779949814081192;0.9995291829109192;NA;NA;NA;NA;NA;NA;NA;NA;NA;NA;NA;NA;NA
56;1.0;1.0;1.0;1.0;0.1608652025461197;1.0;0.17291447520256042;1.0;1.0;1.0;1.0;0.1608652025461197;1.0;NA;NA;NA;NA;NA;NA;NA;NA;NA;NA;NA;NA;NA
57;1.0;0.9990583658218384;1.0;1.0;0.1461939811706543;0.9995291829109192;0.1581519991159439;1.0;0.9990583658218384;1.0;1.0;0.1461939811706543;0.9995291829109192;NA;NA;NA;NA;NA;NA;NA;NA;NA;NA;NA;NA;NA
58;1.0;0.9990583658218384;1.0;1.0;0.13405978679656982;0.9995291829109192;0.1459270864725113;1.0;0.9990583658218384;1.0;1.0;0.13405978679656982;0.9995291829109192;NA;NA;NA;NA;NA;NA;NA;NA;NA;NA;NA;NA;NA
59;1.0;0.9981167316436768;1.0;1.0;0.12323854118585587;0.9990583658218384;0.13501565158367157;1.0;0.9981167316436768;1.0;1.0;0.12323854118585587;0.9990583658218384;NA;NA;NA;NA;NA;NA;NA;NA;NA;NA;NA;NA;NA
60;1.0;1.0;1.0;1.0;0.11137444525957108;1.0;0.12306185811758041;1.0;1.0;1.0;1.0;0.11137444525957108;1.0;NA;NA;NA;NA;NA;NA;NA;NA;NA;NA;NA;NA;NA
61;1.0;1.0;1.0;1.0;0.09907794743776321;1.0;0.11067621409893036;1.0;1.0;1.0;1.0;0.09907794743776321;1.0;NA;NA;NA;NA;NA;NA;NA;NA;NA;NA;NA;NA;NA
62;1.0;1.0;1.0;1.0;0.09011834114789963;1.0;0.10162797570228577;1.0;1.0;1.0;1.0;0.09011834114789963;1.0;NA;NA;NA;NA;NA;NA;NA;NA;NA;NA;NA;NA;NA
63;1.0;1.0;1.0;1.0;0.08019284904003143;1.0;0.09161435812711716;1.0;1.0;1.0;1.0;0.08019284904003143;1.0;NA;NA;NA;NA;NA;NA;NA;NA;NA;NA;NA;NA;NA
64;1.0;1.0;1.0;1.0;0.07099224627017975;1.0;0.08232614398002625;1.0;1.0;1.0;1.0;0.07099224627017975;1.0;NA;NA;NA;NA;NA;NA;NA;NA;NA;NA;NA;NA;NA
65;1.0;1.0;1.0;1.0;0.06382784992456436;1.0;0.07507465779781342;1.0;1.0;1.0;1.0;0.06382784992456436;1.0;NA;NA;NA;NA;NA;NA;NA;NA;NA;NA;NA;NA;NA
66;1.0;1.0;1.0;1.0;0.058195810765028;1.0;0.0693560317158699;1.0;1.0;1.0;1.0;0.058195810765028;1.0;NA;NA;NA;NA;NA;NA;NA;NA;NA;NA;NA;NA;NA
67;1.0;1.0;1.0;1.0;0.052404019981622696;1.0;0.06347816437482834;1.0;1.0;1.0;1.0;0.052404019981622696;1.0;NA;NA;NA;NA;NA;NA;NA;NA;NA;NA;NA;NA;NA
68;1.0;1.0;1.0;1.0;0.04666009172797203;1.0;0.0576486736536026;1.0;1.0;1.0;1.0;0.04666009172797203;1.0;NA;NA;NA;NA;NA;NA;NA;NA;NA;NA;NA;NA;NA
69;1.0;1.0;1.0;1.0;0.04260415956377983;1.0;0.05350768566131592;1.0;1.0;1.0;1.0;0.04260415956377983;1.0;NA;NA;NA;NA;NA;NA;NA;NA;NA;NA;NA;NA;NA
70;1.0;1.0;1.0;1.0;0.038321420550346375;1.0;0.049140386283397675;1.0;1.0;1.0;1.0;0.038321420550346375;1.0;NA;NA;NA;NA;NA;NA;NA;NA;NA;NA;NA;NA;NA
71;1.0;0.9990583658218384;1.0;1.0;0.03499673306941986;0.9995291829109192;0.04573164880275726;1.0;0.9990583658218384;1.0;1.0;0.03499673306941986;0.9995291829109192;NA;NA;NA;NA;NA;NA;NA;NA;NA;NA;NA;NA;NA
72;1.0;0.9990583658218384;1.0;1.0;0.032516248524188995;0.9995291829109192;0.043167613446712494;1.0;0.9990583658218384;1.0;1.0;0.032516248524188995;0.9995291829109192;NA;NA;NA;NA;NA;NA;NA;NA;NA;NA;NA;NA;NA
73;1.0;1.0;1.0;1.0;0.03009282797574997;1.0;0.04066114127635956;1.0;1.0;1.0;1.0;0.03009282797574997;1.0;NA;NA;NA;NA;NA;NA;NA;NA;NA;NA;NA;NA;NA
74;1.0;1.0;1.0;1.0;0.026814503595232964;1.0;0.03730026260018349;1.0;1.0;1.0;1.0;0.026814503595232964;1.0;NA;NA;NA;NA;NA;NA;NA;NA;NA;NA;NA;NA;NA
75;1.0;1.0;1.0;1.0;0.025503870099782944;1.0;0.0359075702726841;1.0;1.0;1.0;1.0;0.025503870099782944;1.0;NA;NA;NA;NA;NA;NA;NA;NA;NA;NA;NA;NA;NA
76;1.0;1.0;1.0;1.0;0.02285192534327507;1.0;0.0331740602850914;1.0;1.0;1.0;1.0;0.02285192534327507;1.0;NA;NA;NA;NA;NA;NA;NA;NA;NA;NA;NA;NA;NA
77;1.0;1.0;1.0;1.0;0.021577563136816025;1.0;0.03181862831115723;1.0;1.0;1.0;1.0;0.021577563136816025;1.0;NA;NA;NA;NA;NA;NA;NA;NA;NA;NA;NA;NA;NA
78;1.0;1.0;1.0;1.0;0.02009909600019455;1.0;0.03025957942008972;1.0;1.0;1.0;1.0;0.02009909600019455;1.0;NA;NA;NA;NA;NA;NA;NA;NA;NA;NA;NA;NA;NA
79;1.0;1.0;1.0;1.0;0.01959122158586979;1.0;0.02967161312699318;1.0;1.0;1.0;1.0;0.01959122158586979;1.0;NA;NA;NA;NA;NA;NA;NA;NA;NA;NA;NA;NA;NA
80;1.0;1.0;1.0;1.0;0.018573932349681854;1.0;0.02857472002506256;1.0;1.0;1.0;1.0;0.018573932349681854;1.0;NA;NA;NA;NA;NA;NA;NA;NA;NA;NA;NA;NA;NA
81;1.0;1.0;1.0;1.0;0.017337733879685402;1.0;0.027259401977062225;1.0;1.0;1.0;1.0;0.017337733879685402;1.0;NA;NA;NA;NA;NA;NA;NA;NA;NA;NA;NA;NA;NA
82;1.0;1.0;1.0;1.0;0.017056960612535477;1.0;0.026899995282292366;1.0;1.0;1.0;1.0;0.017056960612535477;1.0;NA;NA;NA;NA;NA;NA;NA;NA;NA;NA;NA;NA;NA
83;1.0;1.0;1.0;1.0;0.01629001647233963;1.0;0.026054896414279938;1.0;1.0;1.0;1.0;0.01629001647233963;1.0;NA;NA;NA;NA;NA;NA;NA;NA;NA;NA;NA;NA;NA
84;1.0;1.0;1.0;1.0;0.015379893593490124;1.0;0.025067098438739777;1.0;1.0;1.0;1.0;0.015379893593490124;1.0;NA;NA;NA;NA;NA;NA;NA;NA;NA;NA;NA;NA;NA
85;1.0;1.0;1.0;1.0;0.015474441461265087;1.0;0.025084448978304863;1.0;1.0;1.0;1.0;0.015474441461265087;1.0;NA;NA;NA;NA;NA;NA;NA;NA;NA;NA;NA;NA;NA
86;1.0;1.0;1.0;1.0;0.014830530621111393;1.0;0.024363819509744644;1.0;1.0;1.0;1.0;0.014830530621111393;1.0;NA;NA;NA;NA;NA;NA;NA;NA;NA;NA;NA;NA;NA
87;1.0;1.0;1.0;1.0;0.014742953702807426;1.0;0.024199996143579483;1.0;1.0;1.0;1.0;0.014742953702807426;1.0;NA;NA;NA;NA;NA;NA;NA;NA;NA;NA;NA;NA;NA
88;1.0;1.0;1.0;1.0;0.014206144027411938;1.0;0.023587413132190704;1.0;1.0;1.0;1.0;0.014206144027411938;1.0;NA;NA;NA;NA;NA;NA;NA;NA;NA;NA;NA;NA;NA
89;1.0;1.0;1.0;1.0;0.014363146387040615;1.0;0.023669112473726273;1.0;1.0;1.0;1.0;0.014363146387040615;1.0;NA;NA;NA;NA;NA;NA;NA;NA;NA;NA;NA;NA;NA
90;1.0;1.0;1.0;1.0;0.013872871175408363;1.0;0.023104000836610794;1.0;1.0;1.0;1.0;0.013872871175408363;1.0;NA;NA;NA;NA;NA;NA;NA;NA;NA;NA;NA;NA;NA
91;1.0;1.0;1.0;1.0;0.013313000090420246;1.0;0.022469764575362206;1.0;1.0;1.0;1.0;0.013313000090420246;1.0;NA;NA;NA;NA;NA;NA;NA;NA;NA;NA;NA;NA;NA
92;1.0;1.0;1.0;1.0;0.013323316350579262;1.0;0.02240617945790291;1.0;1.0;1.0;1.0;0.013323316350579262;1.0;NA;NA;NA;NA;NA;NA;NA;NA;NA;NA;NA;NA;NA
93;1.0;1.0;1.0;1.0;0.013665853068232536;1.0;0.022675279527902603;1.0;1.0;1.0;1.0;0.013665853068232536;1.0;NA;NA;NA;NA;NA;NA;NA;NA;NA;NA;NA;NA;NA
94;1.0;1.0;1.0;1.0;0.01322865765541792;1.0;0.02216510660946369;1.0;1.0;1.0;1.0;0.01322865765541792;1.0;NA;NA;NA;NA;NA;NA;NA;NA;NA;NA;NA;NA;NA
95;1.0;1.0;1.0;1.0;0.0130883464589715;1.0;0.021952278912067413;1.0;1.0;1.0;1.0;0.0130883464589715;1.0;NA;NA;NA;NA;NA;NA;NA;NA;NA;NA;NA;NA;NA
96;1.0;1.0;1.0;1.0;0.013132468797266483;1.0;0.021924342960119247;1.0;1.0;1.0;1.0;0.013132468797266483;1.0;NA;NA;NA;NA;NA;NA;NA;NA;NA;NA;NA;NA;NA
97;1.0;1.0;1.0;1.0;0.012766669504344463;1.0;0.02148694172501564;1.0;1.0;1.0;1.0;0.012766669504344463;1.0;NA;NA;NA;NA;NA;NA;NA;NA;NA;NA;NA;NA;NA
98;1.0;1.0;1.0;1.0;0.012791560962796211;1.0;0.02144068479537964;1.0;1.0;1.0;1.0;0.012791560962796211;1.0;NA;NA;NA;NA;NA;NA;NA;NA;NA;NA;NA;NA;NA
99;1.0;1.0;1.0;1.0;0.012711587361991405;1.0;0.021290017291903496;1.0;1.0;1.0;1.0;0.012711587361991405;1.0;NA;NA;NA;NA;NA;NA;NA;NA;NA;NA;NA;NA;NA
100;1.0;1.0;1.0;1.0;0.01304769515991211;1.0;0.021555880084633827;1.0;1.0;1.0;1.0;0.01304769515991211;1.0;NA;NA;NA;NA;NA;NA;NA;NA;NA;NA;NA;NA;NA
101;1.0;1.0;1.0;1.0;0.01260574720799923;1.0;0.021044135093688965;1.0;1.0;1.0;1.0;0.01260574720799923;1.0;NA;NA;NA;NA;NA;NA;NA;NA;NA;NA;NA;NA;NA
102;1.0;1.0;1.0;1.0;0.012635169550776482;1.0;0.02100420743227005;1.0;1.0;1.0;1.0;0.012635169550776482;1.0;NA;NA;NA;NA;NA;NA;NA;NA;NA;NA;NA;NA;NA
103;1.0;1.0;1.0;1.0;0.012490122579038143;1.0;0.020790258422493935;1.0;1.0;1.0;1.0;0.012490122579038143;1.0;NA;NA;NA;NA;NA;NA;NA;NA;NA;NA;NA;NA;NA
104;1.0;1.0;1.0;1.0;0.012408747337758541;1.0;0.02064042165875435;1.0;1.0;1.0;1.0;0.012408747337758541;1.0;NA;NA;NA;NA;NA;NA;NA;NA;NA;NA;NA;NA;NA
105;1.0;1.0;1.0;1.0;0.012589803896844387;1.0;0.020753460004925728;1.0;1.0;1.0;1.0;0.012589803896844387;1.0;NA;NA;NA;NA;NA;NA;NA;NA;NA;NA;NA;NA;NA
106;1.0;1.0;1.0;1.0;0.012558038346469402;1.0;0.020654115825891495;1.0;1.0;1.0;1.0;0.012558038346469402;1.0;NA;NA;NA;NA;NA;NA;NA;NA;NA;NA;NA;NA;NA
107;1.0;1.0;1.0;1.0;0.012486976571381092;1.0;0.020515909418463707;1.0;1.0;1.0;1.0;0.012486976571381092;1.0;NA;NA;NA;NA;NA;NA;NA;NA;NA;NA;NA;NA;NA
108;1.0;1.0;1.0;1.0;0.012500833719968796;1.0;0.020463062450289726;1.0;1.0;1.0;1.0;0.012500833719968796;1.0;NA;NA;NA;NA;NA;NA;NA;NA;NA;NA;NA;NA;NA
109;1.0;1.0;1.0;1.0;0.01244945265352726;1.0;0.020345410332083702;1.0;1.0;1.0;1.0;0.01244945265352726;1.0;NA;NA;NA;NA;NA;NA;NA;NA;NA;NA;NA;NA;NA
110;1.0;1.0;1.0;1.0;0.012566265650093555;1.0;0.020396383479237556;1.0;1.0;1.0;1.0;0.012566265650093555;1.0;NA;NA;NA;NA;NA;NA;NA;NA;NA;NA;NA;NA;NA
111;1.0;1.0;1.0;1.0;0.012456045486032963;1.0;0.02022075466811657;1.0;1.0;1.0;1.0;0.012456045486032963;1.0;NA;NA;NA;NA;NA;NA;NA;NA;NA;NA;NA;NA;NA
112;1.0;1.0;1.0;1.0;0.012846071273088455;1.0;0.020545801147818565;1.0;1.0;1.0;1.0;0.012846071273088455;1.0;NA;NA;NA;NA;NA;NA;NA;NA;NA;NA;NA;NA;NA
113;1.0;1.0;1.0;1.0;0.012874428182840347;1.0;0.02050960622727871;1.0;1.0;1.0;1.0;0.012874428182840347;1.0;NA;NA;NA;NA;NA;NA;NA;NA;NA;NA;NA;NA;NA
114;1.0;1.0;1.0;1.0;0.012627866119146347;1.0;0.020198917016386986;1.0;1.0;1.0;1.0;0.012627866119146347;1.0;NA;NA;NA;NA;NA;NA;NA;NA;NA;NA;NA;NA;NA
115;1.0;1.0;1.0;1.0;0.012447169981896877;1.0;0.019954517483711243;1.0;1.0;1.0;1.0;0.012447169981896877;1.0;NA;NA;NA;NA;NA;NA;NA;NA;NA;NA;NA;NA;NA
116;1.0;1.0;1.0;1.0;0.01237004715949297;1.0;0.019814111292362213;1.0;1.0;1.0;1.0;0.01237004715949297;1.0;NA;NA;NA;NA;NA;NA;NA;NA;NA;NA;NA;NA;NA
117;1.0;1.0;1.0;1.0;0.012810532934963703;1.0;0.020191732794046402;1.0;1.0;1.0;1.0;0.012810532934963703;1.0;NA;NA;NA;NA;NA;NA;NA;NA;NA;NA;NA;NA;NA
118;1.0;1.0;1.0;1.0;0.01226724125444889;1.0;0.019585996866226196;1.0;1.0;1.0;1.0;0.01226724125444889;1.0;NA;NA;NA;NA;NA;NA;NA;NA;NA;NA;NA;NA;NA
119;1.0;1.0;1.0;1.0;0.012086563743650913;1.0;0.019343288615345955;1.0;1.0;1.0;1.0;0.012086563743650913;1.0;NA;NA;NA;NA;NA;NA;NA;NA;NA;NA;NA;NA;NA
0;1.0;0.3258003890514374;1.0;1.0;0.7391661405563354;0.6076586246490479;0.7571661472320557;1.0;0.3258003890514374;1.0;1.0;0.7391661405563354;0.6076586246490479;NA;NA;NA;NA;NA;NA;NA;NA;NA;NA;NA;NA;NA
1;1.0;0.31732580065727234;1.0;1.0;0.7409435510635376;0.6020088195800781;0.758823812007904;1.0;0.31732580065727234;1.0;1.0;0.7409435510635376;0.6020088195800781;NA;NA;NA;NA;NA;NA;NA;NA;NA;NA;NA;NA;NA
2;1.0;0.35216572880744934;1.0;1.0;0.7323212027549744;0.6244507431983948;0.7500821352005005;1.0;0.35216572880744934;1.0;1.0;0.7323212027549744;0.6244507431983948;NA;NA;NA;NA;NA;NA;NA;NA;NA;NA;NA;NA;NA
3;1.0;0.33145010471343994;1.0;1.0;0.7391100525856018;0.6106403470039368;0.7567520141601562;1.0;0.33145010471343994;1.0;1.0;0.7391100525856018;0.6106403470039368;NA;NA;NA;NA;NA;NA;NA;NA;NA;NA;NA;NA;NA
4;1.0;0.32485875487327576;1.0;1.0;0.7407176494598389;0.6038920879364014;0.7582411170005798;1.0;0.32485875487327576;1.0;1.0;0.7407176494598389;0.6038920879364014;NA;NA;NA;NA;NA;NA;NA;NA;NA;NA;NA;NA;NA
5;1.0;0.3097928464412689;1.0;1.0;0.7297011017799377;0.5977714657783508;0.7471064925193787;1.0;0.3097928464412689;1.0;1.0;0.7297011017799377;0.5977714657783508;NA;NA;NA;NA;NA;NA;NA;NA;NA;NA;NA;NA;NA
6;1.0;0.33427494764328003;1.0;1.0;0.7333556413650513;0.6107972860336304;0.7506433725357056;1.0;0.33427494764328003;1.0;1.0;0.7333556413650513;0.6107972860336304;NA;NA;NA;NA;NA;NA;NA;NA;NA;NA;NA;NA;NA
7;1.0;0.3436911404132843;1.0;1.0;0.7344791889190674;0.6167608499526978;0.7516497373580933;1.0;0.3436911404132843;1.0;1.0;0.7344791889190674;0.6167608499526978;NA;NA;NA;NA;NA;NA;NA;NA;NA;NA;NA;NA;NA
8;1.0;0.34180790185928345;1.0;1.0;0.7285067439079285;0.6195857524871826;0.7455605268478394;1.0;0.34180790185928345;1.0;1.0;0.7285067439079285;0.6195857524871826;NA;NA;NA;NA;NA;NA;NA;NA;NA;NA;NA;NA;NA
9;1.0;0.35969868302345276;1.0;1.0;0.7265039682388306;0.6279032826423645;0.7434414029121399;1.0;0.35969868302345276;1.0;1.0;0.7265039682388306;0.6279032826423645;NA;NA;NA;NA;NA;NA;NA;NA;NA;NA;NA;NA;NA
10;1.0;0.34839925169944763;1.0;1.0;0.7297775149345398;0.6173886060714722;0.7465990781784058;1.0;0.34839925169944763;1.0;1.0;0.7297775149345398;0.6173886060714722;NA;NA;NA;NA;NA;NA;NA;NA;NA;NA;NA;NA;NA
11;1.0;0.3305084705352783;1.0;1.0;0.740494966506958;0.6093847751617432;0.7572011947631836;1.0;0.3305084705352783;1.0;1.0;0.740494966506958;0.6093847751617432;NA;NA;NA;NA;NA;NA;NA;NA;NA;NA;NA;NA;NA
12;1.0;0.32203391194343567;1.0;1.0;0.7453445196151733;0.6035781502723694;0.761935830116272;1.0;0.32203391194343567;1.0;1.0;0.7453445196151733;0.6035781502723694;NA;NA;NA;NA;NA;NA;NA;NA;NA;NA;NA;NA;NA
13;1.0;0.347457617521286;1.0;1.0;0.7315046787261963;0.6208412051200867;0.7479815483093262;1.0;0.347457617521286;1.0;1.0;0.7315046787261963;0.6208412051200867;NA;NA;NA;NA;NA;NA;NA;NA;NA;NA;NA;NA;NA
14;1.0;0.35593220591545105;1.0;1.0;0.7326204776763916;0.6231952905654907;0.7489833831787109;1.0;0.35593220591545105;1.0;1.0;0.7326204776763916;0.6231952905654907;NA;NA;NA;NA;NA;NA;NA;NA;NA;NA;NA;NA;NA
15;1.0;0.34180790185928345;1.0;1.0;0.7285723090171814;0.6147207021713257;0.7448217868804932;1.0;0.34180790185928345;1.0;1.0;0.7285723090171814;0.6147207021713257;NA;NA;NA;NA;NA;NA;NA;NA;NA;NA;NA;NA;NA
16;1.0;0.3295668661594391;1.0;1.0;0.7341477870941162;0.610640287399292;0.7502843141555786;1.0;0.3295668661594391;1.0;1.0;0.7341477870941162;0.610640287399292;NA;NA;NA;NA;NA;NA;NA;NA;NA;NA;NA;NA;NA
17;1.0;0.3436911404132843;1.0;1.0;0.7305474877357483;0.618330180644989;0.7465715408325195;1.0;0.3436911404132843;1.0;1.0;0.7305474877357483;0.618330180644989;NA;NA;NA;NA;NA;NA;NA;NA;NA;NA;NA;NA;NA
18;1.0;0.3709981143474579;1.0;1.0;0.7297947406768799;0.6338669657707214;0.7457067966461182;1.0;0.3709981143474579;1.0;1.0;0.7297947406768799;0.6338669657707214;NA;NA;NA;NA;NA;NA;NA;NA;NA;NA;NA;NA;NA
19;1.0;0.35216572880744934;1.0;1.0;0.7259896397590637;0.6233521103858948;0.7417902946472168;1.0;0.35216572880744934;1.0;1.0;0.7259896397590637;0.6233521103858948;NA;NA;NA;NA;NA;NA;NA;NA;NA;NA;NA;NA;NA
20;1.0;0.3540489673614502;1.0;1.0;0.7228220105171204;0.6272755265235901;0.7385116815567017;1.0;0.3540489673614502;1.0;1.0;0.7228220105171204;0.6272755265235901;NA;NA;NA;NA;NA;NA;NA;NA;NA;NA;NA;NA;NA
21;1.0;0.3578154444694519;1.0;1.0;0.717329740524292;0.6290018558502197;0.7329089641571045;1.0;0.3578154444694519;1.0;1.0;0.717329740524292;0.6290018558502197;NA;NA;NA;NA;NA;NA;NA;NA;NA;NA;NA;NA;NA
22;1.0;0.3917137384414673;1.0;1.0;0.7120477557182312;0.6516008377075195;0.7275170683860779;1.0;0.3917137384414673;1.0;1.0;0.7120477557182312;0.6516008377075195;NA;NA;NA;NA;NA;NA;NA;NA;NA;NA;NA;NA;NA
23;1.0;0.38418078422546387;1.0;1.0;0.7184642553329468;0.6410861015319824;0.7338241338729858;1.0;0.38418078422546387;1.0;1.0;0.7184642553329468;0.6410861015319824;NA;NA;NA;NA;NA;NA;NA;NA;NA;NA;NA;NA;NA
24;1.0;0.4350282549858093;1.0;1.0;0.6976960301399231;0.6737287640571594;0.7129470109939575;1.0;0.4350282549858093;1.0;1.0;0.6976960301399231;0.6737287640571594;NA;NA;NA;NA;NA;NA;NA;NA;NA;NA;NA;NA;NA
25;1.0;0.4406779706478119;1.0;1.0;0.7018964290618896;0.6765536665916443;0.7170391082763672;1.0;0.4406779706478119;1.0;1.0;0.7018964290618896;0.6765536665916443;NA;NA;NA;NA;NA;NA;NA;NA;NA;NA;NA;NA;NA
26;1.0;0.4717514216899872;1.0;1.0;0.6735759377479553;0.7019774317741394;0.6886107921600342;1.0;0.4717514216899872;1.0;1.0;0.6735759377479553;0.7019774317741394;NA;NA;NA;NA;NA;NA;NA;NA;NA;NA;NA;NA;NA
27;1.0;0.48493409156799316;1.0;1.0;0.6752699613571167;0.7080979347229004;0.6901974678039551;1.0;0.48493409156799316;1.0;1.0;0.6752699613571167;0.7080979347229004;NA;NA;NA;NA;NA;NA;NA;NA;NA;NA;NA;NA;NA
28;1.0;0.505649745464325;1.0;1.0;0.6618459224700928;0.722065269947052;0.6766666769981384;1.0;0.505649745464325;1.0;1.0;0.6618459224700928;0.722065269947052;NA;NA;NA;NA;NA;NA;NA;NA;NA;NA;NA;NA;NA
29;1.0;0.49152541160583496;1.0;1.0;0.6678524613380432;0.7146892547607422;0.6825670003890991;1.0;0.49152541160583496;1.0;1.0;0.6678524613380432;0.7146892547607422;NA;NA;NA;NA;NA;NA;NA;NA;NA;NA;NA;NA;NA
30;1.0;0.5075329542160034;1.0;1.0;0.660094678401947;0.7239484786987305;0.6747034788131714;1.0;0.5075329542160034;1.0;1.0;0.660094678401947;0.7239484786987305;NA;NA;NA;NA;NA;NA;NA;NA;NA;NA;NA;NA;NA
31;1.0;0.569679856300354;1.0;1.0;0.6407981514930725;0.7608286142349243;0.6553018093109131;1.0;0.569679856300354;1.0;1.0;0.6407981514930725;0.7608286142349243;NA;NA;NA;NA;NA;NA;NA;NA;NA;NA;NA;NA;NA
32;1.0;0.6073446273803711;1.0;1.0;0.6260469555854797;0.7812304496765137;0.6404459476470947;1.0;0.6073446273803711;1.0;1.0;0.6260469555854797;0.7812304496765137;NA;NA;NA;NA;NA;NA;NA;NA;NA;NA;NA;NA;NA
33;1.0;0.6120527386665344;1.0;1.0;0.6220716238021851;0.7853107452392578;0.6363665461540222;1.0;0.6120527386665344;1.0;1.0;0.6220716238021851;0.7853107452392578;NA;NA;NA;NA;NA;NA;NA;NA;NA;NA;NA;NA;NA
34;1.0;0.6902071833610535;1.0;1.0;0.5997655391693115;0.8289390802383423;0.6139569282531738;1.0;0.6902071833610535;1.0;1.0;0.5997655391693115;0.8289390802383423;NA;NA;NA;NA;NA;NA;NA;NA;NA;NA;NA;NA;NA
35;1.0;0.7118644118309021;1.0;1.0;0.5801041722297668;0.8427495360374451;0.5941925048828125;1.0;0.7118644118309021;1.0;1.0;0.5801041722297668;0.8427495360374451;NA;NA;NA;NA;NA;NA;NA;NA;NA;NA;NA;NA;NA
36;1.0;0.7401130199432373;1.0;1.0;0.5682837963104248;0.8590709567070007;0.5822696685791016;1.0;0.7401130199432373;1.0;1.0;0.5682837963104248;0.8590709567070007;NA;NA;NA;NA;NA;NA;NA;NA;NA;NA;NA;NA;NA
37;1.0;0.7796609997749329;1.0;1.0;0.5525481104850769;0.882140576839447;0.566431999206543;1.0;0.7796609997749329;1.0;1.0;0.5525481104850769;0.882140576839447;NA;NA;NA;NA;NA;NA;NA;NA;NA;NA;NA;NA;NA
38;1.0;0.8041431307792664;1.0;1.0;0.5248374938964844;0.8942247033119202;0.5386199951171875;1.0;0.8041431307792664;1.0;1.0;0.5248374938964844;0.8942247033119202;NA;NA;NA;NA;NA;NA;NA;NA;NA;NA;NA;NA;NA
39;1.0;0.8427495360374451;1.0;1.0;0.5075191855430603;0.9154111742973328;0.5212008953094482;1.0;0.8427495360374451;1.0;1.0;0.5075191855430603;0.9154111742973328;NA;NA;NA;NA;NA;NA;NA;NA;NA;NA;NA;NA;NA
40;1.0;0.8851224184036255;1.0;1.0;0.48754337430000305;0.9402071833610535;0.5011247396469116;1.0;0.8851224184036255;1.0;1.0;0.48754337430000305;0.9402071833610535;NA;NA;NA;NA;NA;NA;NA;NA;NA;NA;NA;NA;NA
41;1.0;0.8992466926574707;1.0;1.0;0.4719829857349396;0.9460138082504272;0.48546454310417175;1.0;0.8992466926574707;1.0;1.0;0.4719829857349396;0.9460138082504272;NA;NA;NA;NA;NA;NA;NA;NA;NA;NA;NA;NA;NA
42;1.0;0.9086629152297974;1.0;1.0;0.4499707818031311;0.9522912502288818;0.46335312724113464;1.0;0.9086629152297974;1.0;1.0;0.4499707818031311;0.9522912502288818;NA;NA;NA;NA;NA;NA;NA;NA;NA;NA;NA;NA;NA
43;1.0;0.9453860521316528;1.0;1.0;0.41802334785461426;0.9709666967391968;0.43130698800086975;1.0;0.9453860521316528;1.0;1.0;0.41802334785461426;0.9709666967391968;NA;NA;NA;NA;NA;NA;NA;NA;NA;NA;NA;NA;NA
44;1.0;0.9500941634178162;1.0;1.0;0.4031466245651245;0.9739485383033752;0.4163321256637573;1.0;0.9500941634178162;1.0;1.0;0.4031466245651245;0.9739485383033752;NA;NA;NA;NA;NA;NA;NA;NA;NA;NA;NA;NA;NA
45;1.0;0.9595103859901428;1.0;1.0;0.376956045627594;0.9792843461036682;0.3900439143180847;1.0;0.9595103859901428;1.0;1.0;0.376956045627594;0.9792843461036682;NA;NA;NA;NA;NA;NA;NA;NA;NA;NA;NA;NA;NA
46;1.0;0.973634660243988;1.0;1.0;0.35762786865234375;0.9863465428352356;0.37061864137649536;1.0;0.973634660243988;1.0;1.0;0.35762786865234375;0.9863465428352356;NA;NA;NA;NA;NA;NA;NA;NA;NA;NA;NA;NA;NA
47;1.0;0.9858757257461548;1.0;1.0;0.3346300721168518;0.9929378628730774;0.3475242853164673;1.0;0.9858757257461548;1.0;1.0;0.3346300721168518;0.9929378628730774;NA;NA;NA;NA;NA;NA;NA;NA;NA;NA;NA;NA;NA
48;1.0;0.9887005686759949;1.0;1.0;0.3109654188156128;0.994350254535675;0.3237636387348175;1.0;0.9887005686759949;1.0;1.0;0.3109654188156128;0.994350254535675;NA;NA;NA;NA;NA;NA;NA;NA;NA;NA;NA;NA;NA
49;1.0;0.9924670457839966;1.0;1.0;0.2881249189376831;0.9962335228919983;0.30082765221595764;1.0;0.9924670457839966;1.0;1.0;0.2881249189376831;0.9962335228919983;NA;NA;NA;NA;NA;NA;NA;NA;NA;NA;NA;NA;NA
50;1.0;0.9905837774276733;1.0;1.0;0.26882901787757874;0.9952918887138367;0.2814368009567261;1.0;0.9905837774276733;1.0;1.0;0.26882901787757874;0.9952918887138367;NA;NA;NA;NA;NA;NA;NA;NA;NA;NA;NA;NA;NA
51;1.0;0.9952918887138367;1.0;1.0;0.2533933222293854;0.9976459741592407;0.2659066915512085;1.0;0.9952918887138367;1.0;1.0;0.2533933222293854;0.9976459741592407;NA;NA;NA;NA;NA;NA;NA;NA;NA;NA;NA;NA;NA
52;1.0;0.9952918887138367;1.0;1.0;0.22857055068016052;0.9974890351295471;0.2409900426864624;1.0;0.9952918887138367;1.0;1.0;0.22857055068016052;0.9974890351295471;NA;NA;NA;NA;NA;NA;NA;NA;NA;NA;NA;NA;NA
53;1.0;0.9952918887138367;1.0;1.0;0.21151934564113617;0.9976459741592407;0.2238454818725586;1.0;0.9952918887138367;1.0;1.0;0.21151934564113617;0.9976459741592407;NA;NA;NA;NA;NA;NA;NA;NA;NA;NA;NA;NA;NA
54;1.0;0.9962335228919983;1.0;1.0;0.19201913475990295;0.9981167316436768;0.2042524516582489;1.0;0.9962335228919983;1.0;1.0;0.19201913475990295;0.9981167316436768;NA;NA;NA;NA;NA;NA;NA;NA;NA;NA;NA;NA;NA
55;1.0;1.0;1.0;1.0;0.1754768341779709;1.0;0.18761786818504333;1.0;1.0;1.0;1.0;0.1754768341779709;1.0;NA;NA;NA;NA;NA;NA;NA;NA;NA;NA;NA;NA;NA
56;1.0;0.9990583658218384;1.0;1.0;0.16599620878696442;0.9995291829109192;0.17804548144340515;1.0;0.9990583658218384;1.0;1.0;0.16599620878696442;0.9995291829109192;NA;NA;NA;NA;NA;NA;NA;NA;NA;NA;NA;NA;NA
57;1.0;0.9990583658218384;1.0;1.0;0.14864210784435272;0.9995291829109192;0.16060012578964233;1.0;0.9990583658218384;1.0;1.0;0.14864210784435272;0.9995291829109192;NA;NA;NA;NA;NA;NA;NA;NA;NA;NA;NA;NA;NA
58;1.0;0.9990583658218384;1.0;1.0;0.13346067070960999;0.9995291829109192;0.14532797038555145;1.0;0.9990583658218384;1.0;1.0;0.13346067070960999;0.9995291829109192;NA;NA;NA;NA;NA;NA;NA;NA;NA;NA;NA;NA;NA
59;1.0;1.0;1.0;1.0;0.11970236897468567;1.0;0.13147947192192078;1.0;1.0;1.0;1.0;0.11970236897468567;1.0;NA;NA;NA;NA;NA;NA;NA;NA;NA;NA;NA;NA;NA
60;1.0;1.0;1.0;1.0;0.110924132168293;1.0;0.12261155247688293;1.0;1.0;1.0;1.0;0.110924132168293;1.0;NA;NA;NA;NA;NA;NA;NA;NA;NA;NA;NA;NA;NA
61;1.0;1.0;1.0;1.0;0.09778255224227905;1.0;0.1093808263540268;1.0;1.0;1.0;1.0;0.09778255224227905;1.0;NA;NA;NA;NA;NA;NA;NA;NA;NA;NA;NA;NA;NA
62;1.0;1.0;1.0;1.0;0.0869654193520546;1.0;0.09847505390644073;1.0;1.0;1.0;1.0;0.0869654193520546;1.0;NA;NA;NA;NA;NA;NA;NA;NA;NA;NA;NA;NA;NA
63;1.0;1.0;1.0;1.0;0.080816850066185;1.0;0.09223835915327072;1.0;1.0;1.0;1.0;0.080816850066185;1.0;NA;NA;NA;NA;NA;NA;NA;NA;NA;NA;NA;NA;NA
64;1.0;1.0;1.0;1.0;0.07220514863729477;1.0;0.08353905379772186;1.0;1.0;1.0;1.0;0.07220514863729477;1.0;NA;NA;NA;NA;NA;NA;NA;NA;NA;NA;NA;NA;NA
65;1.0;1.0;1.0;1.0;0.06526987999677658;1.0;0.07651668787002563;1.0;1.0;1.0;1.0;0.06526987999677658;1.0;NA;NA;NA;NA;NA;NA;NA;NA;NA;NA;NA;NA;NA
66;1.0;1.0;1.0;1.0;0.05911342054605484;1.0;0.07027363777160645;1.0;1.0;1.0;1.0;0.05911342054605484;1.0;NA;NA;NA;NA;NA;NA;NA;NA;NA;NA;NA;NA;NA
67;1.0;1.0;1.0;1.0;0.05343470349907875;1.0;0.0645088478922844;1.0;1.0;1.0;1.0;0.05343470349907875;1.0;NA;NA;NA;NA;NA;NA;NA;NA;NA;NA;NA;NA;NA
68;1.0;1.0;1.0;1.0;0.046384409070014954;1.0;0.05737299099564552;1.0;1.0;1.0;1.0;0.046384409070014954;1.0;NA;NA;NA;NA;NA;NA;NA;NA;NA;NA;NA;NA;NA
69;1.0;1.0;1.0;1.0;0.04397621005773544;1.0;0.05487973242998123;1.0;1.0;1.0;1.0;0.04397621005773544;1.0;NA;NA;NA;NA;NA;NA;NA;NA;NA;NA;NA;NA;NA
70;1.0;1.0;1.0;1.0;0.03845813497900963;1.0;0.04927710443735123;1.0;1.0;1.0;1.0;0.03845813497900963;1.0;NA;NA;NA;NA;NA;NA;NA;NA;NA;NA;NA;NA;NA
71;1.0;1.0;1.0;1.0;0.03533237427473068;1.0;0.046067290008068085;1.0;1.0;1.0;1.0;0.03533237427473068;1.0;NA;NA;NA;NA;NA;NA;NA;NA;NA;NA;NA;NA;NA
72;1.0;1.0;1.0;1.0;0.0318879559636116;1.0;0.0425393208861351;1.0;1.0;1.0;1.0;0.0318879559636116;1.0;NA;NA;NA;NA;NA;NA;NA;NA;NA;NA;NA;NA;NA
73;1.0;1.0;1.0;1.0;0.02863321267068386;1.0;0.0392015241086483;1.0;1.0;1.0;1.0;0.02863321267068386;1.0;NA;NA;NA;NA;NA;NA;NA;NA;NA;NA;NA;NA;NA
74;1.0;1.0;1.0;1.0;0.026186086237430573;1.0;0.03667184337973595;1.0;1.0;1.0;1.0;0.026186086237430573;1.0;NA;NA;NA;NA;NA;NA;NA;NA;NA;NA;NA;NA;NA
75;1.0;1.0;1.0;1.0;0.024793783202767372;1.0;0.035197481513023376;1.0;1.0;1.0;1.0;0.024793783202767372;1.0;NA;NA;NA;NA;NA;NA;NA;NA;NA;NA;NA;NA;NA
76;1.0;1.0;1.0;1.0;0.023177124559879303;1.0;0.03349926322698593;1.0;1.0;1.0;1.0;0.023177124559879303;1.0;NA;NA;NA;NA;NA;NA;NA;NA;NA;NA;NA;NA;NA
77;1.0;1.0;1.0;1.0;0.021549561992287636;1.0;0.03179062530398369;1.0;1.0;1.0;1.0;0.021549561992287636;1.0;NA;NA;NA;NA;NA;NA;NA;NA;NA;NA;NA;NA;NA
78;1.0;1.0;1.0;1.0;0.019725143909454346;1.0;0.029885627329349518;1.0;1.0;1.0;1.0;0.019725143909454346;1.0;NA;NA;NA;NA;NA;NA;NA;NA;NA;NA;NA;NA;NA
79;1.0;1.0;1.0;1.0;0.019000668078660965;1.0;0.029081059619784355;1.0;1.0;1.0;1.0;0.019000668078660965;1.0;NA;NA;NA;NA;NA;NA;NA;NA;NA;NA;NA;NA;NA
80;1.0;1.0;1.0;1.0;0.01777663081884384;1.0;0.02777741849422455;1.0;1.0;1.0;1.0;0.01777663081884384;1.0;NA;NA;NA;NA;NA;NA;NA;NA;NA;NA;NA;NA;NA
81;1.0;1.0;1.0;1.0;0.017027154564857483;1.0;0.026948822662234306;1.0;1.0;1.0;1.0;0.017027154564857483;1.0;NA;NA;NA;NA;NA;NA;NA;NA;NA;NA;NA;NA;NA
82;1.0;1.0;1.0;1.0;0.016498150303959846;1.0;0.026341184973716736;1.0;1.0;1.0;1.0;0.016498150303959846;1.0;NA;NA;NA;NA;NA;NA;NA;NA;NA;NA;NA;NA;NA
83;1.0;1.0;1.0;1.0;0.015728693455457687;1.0;0.025493573397397995;1.0;1.0;1.0;1.0;0.015728693455457687;1.0;NA;NA;NA;NA;NA;NA;NA;NA;NA;NA;NA;NA;NA
84;1.0;1.0;1.0;1.0;0.015413090586662292;1.0;0.02510029450058937;1.0;1.0;1.0;1.0;0.015413090586662292;1.0;NA;NA;NA;NA;NA;NA;NA;NA;NA;NA;NA;NA;NA
85;1.0;1.0;1.0;1.0;0.014983201399445534;1.0;0.024593207985162735;1.0;1.0;1.0;1.0;0.014983201399445534;1.0;NA;NA;NA;NA;NA;NA;NA;NA;NA;NA;NA;NA;NA
86;1.0;1.0;1.0;1.0;0.014489333145320415;1.0;0.024022622033953667;1.0;1.0;1.0;1.0;0.014489333145320415;1.0;NA;NA;NA;NA;NA;NA;NA;NA;NA;NA;NA;NA;NA
87;1.0;1.0;1.0;1.0;0.014241976663470268;1.0;0.023699019104242325;1.0;1.0;1.0;1.0;0.014241976663470268;1.0;NA;NA;NA;NA;NA;NA;NA;NA;NA;NA;NA;NA;NA
88;1.0;1.0;1.0;1.0;0.014480503275990486;1.0;0.023861773312091827;1.0;1.0;1.0;1.0;0.014480503275990486;1.0;NA;NA;NA;NA;NA;NA;NA;NA;NA;NA;NA;NA;NA
89;1.0;1.0;1.0;1.0;0.013360193930566311;1.0;0.02266616001725197;1.0;1.0;1.0;1.0;0.013360193930566311;1.0;NA;NA;NA;NA;NA;NA;NA;NA;NA;NA;NA;NA;NA
90;1.0;1.0;1.0;1.0;0.013054180890321732;1.0;0.022285310551524162;1.0;1.0;1.0;1.0;0.013054180890321732;1.0;NA;NA;NA;NA;NA;NA;NA;NA;NA;NA;NA;NA;NA
91;1.0;1.0;1.0;1.0;0.013353457674384117;1.0;0.02251022309064865;1.0;1.0;1.0;1.0;0.013353457674384117;1.0;NA;NA;NA;NA;NA;NA;NA;NA;NA;NA;NA;NA;NA
92;1.0;1.0;1.0;1.0;0.012659368105232716;1.0;0.021742230281233788;1.0;1.0;1.0;1.0;0.012659368105232716;1.0;NA;NA;NA;NA;NA;NA;NA;NA;NA;NA;NA;NA;NA
93;1.0;1.0;1.0;1.0;0.012843967415392399;1.0;0.02185339294373989;1.0;1.0;1.0;1.0;0.012843967415392399;1.0;NA;NA;NA;NA;NA;NA;NA;NA;NA;NA;NA;NA;NA
94;1.0;1.0;1.0;1.0;0.01258013118058443;1.0;0.021516580134630203;1.0;1.0;1.0;1.0;0.01258013118058443;1.0;NA;NA;NA;NA;NA;NA;NA;NA;NA;NA;NA;NA;NA
95;1.0;1.0;1.0;1.0;0.012566782534122467;1.0;0.021430715918540955;1.0;1.0;1.0;1.0;0.012566782534122467;1.0;NA;NA;NA;NA;NA;NA;NA;NA;NA;NA;NA;NA;NA
96;1.0;1.0;1.0;1.0;0.012695837765932083;1.0;0.021487712860107422;1.0;1.0;1.0;1.0;0.012695837765932083;1.0;NA;NA;NA;NA;NA;NA;NA;NA;NA;NA;NA;NA;NA
97;1.0;1.0;1.0;1.0;0.012354906648397446;1.0;0.021075177937746048;1.0;1.0;1.0;1.0;0.012354906648397446;1.0;NA;NA;NA;NA;NA;NA;NA;NA;NA;NA;NA;NA;NA
98;1.0;1.0;1.0;1.0;0.01242642942816019;1.0;0.021075554192066193;1.0;1.0;1.0;1.0;0.01242642942816019;1.0;NA;NA;NA;NA;NA;NA;NA;NA;NA;NA;NA;NA;NA
99;1.0;1.0;1.0;1.0;0.012266266159713268;1.0;0.02084469608962536;1.0;1.0;1.0;1.0;0.012266266159713268;1.0;NA;NA;NA;NA;NA;NA;NA;NA;NA;NA;NA;NA;NA
100;1.0;1.0;1.0;1.0;0.01244029775261879;1.0;0.020948482677340508;1.0;1.0;1.0;1.0;0.01244029775261879;1.0;NA;NA;NA;NA;NA;NA;NA;NA;NA;NA;NA;NA;NA
101;1.0;1.0;1.0;1.0;0.012110063806176186;1.0;0.02054845169186592;1.0;1.0;1.0;1.0;0.012110063806176186;1.0;NA;NA;NA;NA;NA;NA;NA;NA;NA;NA;NA;NA;NA
102;1.0;1.0;1.0;1.0;0.01197658758610487;1.0;0.020345626398921013;1.0;1.0;1.0;1.0;0.01197658758610487;1.0;NA;NA;NA;NA;NA;NA;NA;NA;NA;NA;NA;NA;NA
103;1.0;1.0;1.0;1.0;0.012435716576874256;1.0;0.0207358505576849;1.0;1.0;1.0;1.0;0.012435716576874256;1.0;NA;NA;NA;NA;NA;NA;NA;NA;NA;NA;NA;NA;NA
104;1.0;1.0;1.0;1.0;0.01195969432592392;1.0;0.020191367715597153;1.0;1.0;1.0;1.0;0.01195969432592392;1.0;NA;NA;NA;NA;NA;NA;NA;NA;NA;NA;NA;NA;NA
105;1.0;1.0;1.0;1.0;0.012030094861984253;1.0;0.02019375190138817;1.0;1.0;1.0;1.0;0.012030094861984253;1.0;NA;NA;NA;NA;NA;NA;NA;NA;NA;NA;NA;NA;NA
106;1.0;1.0;1.0;1.0;0.01186132151633501;1.0;0.019957397133111954;1.0;1.0;1.0;1.0;0.01186132151633501;1.0;NA;NA;NA;NA;NA;NA;NA;NA;NA;NA;NA;NA;NA
107;1.0;1.0;1.0;1.0;0.012014673091471195;1.0;0.02004360593855381;1.0;1.0;1.0;1.0;0.012014673091471195;1.0;NA;NA;NA;NA;NA;NA;NA;NA;NA;NA;NA;NA;NA
108;1.0;1.0;1.0;1.0;0.01200475450605154;1.0;0.019966984167695045;1.0;1.0;1.0;1.0;0.01200475450605154;1.0;NA;NA;NA;NA;NA;NA;NA;NA;NA;NA;NA;NA;NA
109;1.0;1.0;1.0;1.0;0.012051002122461796;1.0;0.019946958869695663;1.0;1.0;1.0;1.0;0.012051002122461796;1.0;NA;NA;NA;NA;NA;NA;NA;NA;NA;NA;NA;NA;NA
110;1.0;1.0;1.0;1.0;0.012138095684349537;1.0;0.019968213513493538;1.0;1.0;1.0;1.0;0.012138095684349537;1.0;NA;NA;NA;NA;NA;NA;NA;NA;NA;NA;NA;NA;NA
111;1.0;1.0;1.0;1.0;0.01164840068668127;1.0;0.019413111731410027;1.0;1.0;1.0;1.0;0.01164840068668127;1.0;NA;NA;NA;NA;NA;NA;NA;NA;NA;NA;NA;NA;NA
112;1.0;1.0;1.0;1.0;0.012465598061680794;1.0;0.020165327936410904;1.0;1.0;1.0;1.0;0.012465598061680794;1.0;NA;NA;NA;NA;NA;NA;NA;NA;NA;NA;NA;NA;NA
113;1.0;1.0;1.0;1.0;0.012108910828828812;1.0;0.019744088873267174;1.0;1.0;1.0;1.0;0.012108910828828812;1.0;NA;NA;NA;NA;NA;NA;NA;NA;NA;NA;NA;NA;NA
114;1.0;1.0;1.0;1.0;0.012084102258086205;1.0;0.019655153155326843;1.0;1.0;1.0;1.0;0.012084102258086205;1.0;NA;NA;NA;NA;NA;NA;NA;NA;NA;NA;NA;NA;NA
115;1.0;1.0;1.0;1.0;0.012116684578359127;1.0;0.019624032080173492;1.0;1.0;1.0;1.0;0.012116684578359127;1.0;NA;NA;NA;NA;NA;NA;NA;NA;NA;NA;NA;NA;NA
116;1.0;1.0;1.0;1.0;0.012110339477658272;1.0;0.01955440267920494;1.0;1.0;1.0;1.0;0.012110339477658272;1.0;NA;NA;NA;NA;NA;NA;NA;NA;NA;NA;NA;NA;NA
117;1.0;1.0;1.0;1.0;0.01183557789772749;1.0;0.019216779619455338;1.0;1.0;1.0;1.0;0.01183557789772749;1.0;NA;NA;NA;NA;NA;NA;NA;NA;NA;NA;NA;NA;NA
118;1.0;1.0;1.0;1.0;0.012085693888366222;1.0;0.019404448568820953;1.0;1.0;1.0;1.0;0.012085693888366222;1.0;NA;NA;NA;NA;NA;NA;NA;NA;NA;NA;NA;NA;NA
119;1.0;1.0;1.0;1.0;0.012057679705321789;1.0;0.01931440643966198;1.0;1.0;1.0;1.0;0.012057679705321789;1.0;NA;NA;NA;NA;NA;NA;NA;NA;NA;NA;NA;NA;NA

kge:distmult,kge_atom_embedding_size:100,reasoning_depth:1,epochs:120,seed:[0, 1, 2, 3, 4],learning_rate:0.01,run_signature:train_S2_p_backward_3_distmult_100_0.5_0.0_0.0_1_0.01_1_False_1_None_0.0_dcr,adaptation_layer:identity,output_layer:dense,ragged:True,num_rules:1,relation_entity_grounder_max_elements:20,debug:False,stop_gradient_on_kge_embeddings:False,loss:binary_crossentropy,hard_rules:False,rule_weight:number,semiring:product,dropout_rate_embedder:0.0,dataset_name:countries,format:functional,grounder:backward_3,train_file:train_S2_p.txt,num_negatives:1,signed:True,temperature:3.0,use_gumbel:True,aggregation_type:max,filter_num_heads:1,filter_activity_regularization:0.0,weight_loss:0.5,model_name:dcr,batch_size:-1,eval_batch_size:-1,test_batch_size:-1,valid_size:None,valid_negatives:10,valid_frequency:1000,engine_num_negatives:0,engine_num_adaptive_constants:0,constant_embedding_size:100,kge_regularization:0.0,resnet:True,reasoner_depth:1,enabled_reasoner_depth:1,reasoner_regularization_factor:0.0,reasoner_formula_hidden_embedding_size:100,reasoner_dropout_rate:0.0,reasoner_atom_embedding_size:100,create_flat_rule_list:True,seed_run_i:4,valid_acc:[0.34496676 0.33777164 0.33777164 0.8707113  0.81799999 0.89399999
 0.93600001 0.99200001 0.8707113  0.81799999 0.89399999 0.93600001
 0.99200001],best_val:0.0,test_acc:[0.34821901 0.3410239  0.3410239  0.91253333 0.86799999 0.94
 1.         1.         0.91253333 0.86799999 0.94       1.
 1.        ],log_filename:results_002/logtrain_S2_p_backward_3_distmult_100_0.5_0.0_0.0_1_0.01_1_False_1_None_0.0_dcr_2024-01-04 15-58-48.014049.csv